"x"
"여심 사로 잡은 키스장인 남자배우는?"
"[디시人터뷰] BP라니아, 다시 Start a Fire"
"구인 관련 내용이나 사진을 올려주시기 바랍니다."
"[38]"
"부업으로 소득을 얻고 싶으신분들 필독"
"용돈으로 쇼핑몰사장되기"
"누구나 가능한 아르바이트 모집합니다."
"부업, 알바하실분 모집"
"알바/부업 여기서 하시면 돈벌어요."
"※ 컴퓨터만 있으면 집에서 할수있는 간단한 재택부업 ※"
"평일/주말 시간제 일자리(주부가능)"
"대전 노래방 도우미 아가씨구해요"
"대전 노래방 도우미 아가씨구해요♡"
"★가입인사만해도 수익이되는 현실적인부업"
"헬로우드림 이렇게 하면 아직도 성공가능합니다."
"부업, 알바하실분 모집"
"한국어교원자격증딸사람 무료수강 ㄱㄱ"
"일반행정직 공무원 도전 어때요? 선발인원 많다던데"
"아직도 혼자재택알바하세요?이제는 같이벌어야합니다!"
"재택근무로  알바하실 분을 모집합니다"
"일자리구하는애 있냐"
"집에서하는 주부알바모집"
"남여 아르바이트 모집 (시간자유)"
"★ 부업하실분 모집합니다(3명) ★"
"구인합니다(3명)"
"구인합니다(3명)"
"sk서비스센터 상담직원질문"
"2017년 마지막 모집"
"부업하실분 구합니다"
"◎하루1~3시간 집에서 돈버는 주부예요^^"
"2017년 상반기 JAVA개발자 신입사원 채용교육(연봉2600만원)"
"단순 부업,알바 하실분(고수익)"
"집에서 편하게 일하실분(주부가능)"
"여심 사로 잡은 키스장인 남자배우는?"
"[디시人터뷰] BP라니아, 다시 Start a Fire"
"대우조선해양 초보자 (280~290) 구합니다"
"방송에 소개된 부업(궁금하시면 클릭)"
"택시운전기사 질문입니다"
"[1]"
"저 같은 사람은 어떤 직업을 같는게 좋을까요"
"[5]"
"단순생산직 질문입니다"
"마을버스 운전기사 해본 경험 있으신분 조언 부탁드립니다"
"알바 하실분 구합니다"
"대전 노래방 도우미 아가씨구해요♡"
"[재택/투잡/알바] '퀵커스'와 함께할 프리랜서 배송요원을 찾습니다."
"집에서 시간제 PC알바(급여높음)"
"내일부터 진짜 추워요"
"구인합니다(3명)"
"단순부업/투잡(초보가능/급여높음)"
"제주도호빠 o1o 9983 8 5 7 8"
"##집에서 손부업하실분 모집합니다##"
"//하루1~3시간 집에서 부업해요 //"
"집에서도 가능한 돈버는 방법."
"주부들도 가능한 일자리."
"부업 하실분 구해요."
"제주도호빠 문의 ☎ⓞⓛⓞ-⑨⑨"
"부자되고 싶은 흙수저를 찾습니다"
"※ 컴퓨터만 있으면 집에서 할수있는 간단한 재택부업 ※"
"보업보다 나은부업  추천 합니다"
"성실한 남녀직원 채용공고"
"고수익 인터넷 재택부업 해보세요."
"시간자유 자료입력 재택부업 구인합니다."
"※ 컴퓨터만 있으면 집에서 할수있는 간단한 재택부업 ※"
"현금영수증도 수익금받을수있어요 73만원벌었지롱~"
"※ 컴퓨터만 있으면 집에서 할수있는 간단한 재택부업 ※"
"본업하시면서 할수있는 일이세요~"
"여심 사로 잡은 키스장인 남자배우는?"
"[디시人터뷰] BP라니아, 다시 Start a Fire"
"※ 집에서 할수있는 간단한 재택부업 ※"
"방송에나온부업(고수익가능)"
"집에서하는부업/급여높은알바"
"재택알바 모집공고"
"※ 집에서 할수있는 간단한 재택부업 하실분 ※"
"※ 19세이상 평일/주말 남녀 (주부가능) 아르바이트 모집 ※"
"마케팅관련사진1장 보내주시면 현금으로 입금해드립니다!"
"★ 집에서 남는시간 틈틈히 알바/부업하실분 ★ "
"구인합니다(3명)"
"오락실에서 같이 일해보실분 구합니다"
"월250 모니터링"
"[1]"
"회원 가입시 할인 및 사은품 증정"
"부업,투잡 하실분 구합니다"
"부업하실분"
"##집에서 손부업하실분 모집합니다##"
"편하게 집에서 알바하실분.(하루2~3시간)"
"집에서도 가능한 부업,알바.(고소득)"
"2017 백수님들 힘내요"
"주식전문가방송  추천드립니다. 턴 천천히 식어갈 거란 걸 안다"
"[1]"
"일나가지말고 어플로 돈 버셈"
"■ 재택근무 사원 모집, 월 60 ■"
"■ 재택근무 사원 모집, 월 60 ■"
"쇼핑몰운영 스텝모집 (재택)"
"제주도호빠 신제주호빠"
"대우조선 초보자 255~260 100%"
"[1]"
"일하실분 구합니다"
"시간자유 재택부업"
"조선소 겨울방학 단기, 장기도 구합니다"
"#제주도#여성전용클럽#선수구함#호스트빠#호빠#서귀포"
"블로그 홍보하실 프리랜서 구합니다."
"여심 사로 잡은 키스장인 남자배우는?"
"[디시人터뷰] BP라니아, 다시 Start a Fire"
"부업/알바/투잡이 필요한 분만 보세요 "
"(고수익)재택근무 구인공고"
"남양주 애견분양샵에서 경력홍보직원 모셔요"
"구인합니다(3명)"
"하루만에 100만원 넘게 벌수있었던 재택알바 이야기"
"집에서 시간제 PC알바(급여높음)"
"초보도 가능한 재택알바"
"삼성반도체 하루일당 25만원 지급. 선착순 2명 모집  "
"핸드폰 자꾸느리고 랙걸리는 게이있냐"
"대전 노래방 도우미 아가씨구해요 0 1 0 5 4 0 5 1 2 8 2"
"대전 노래방 도우미 아가씨구해요☆"
"알바 3명구함 (급여셈)"
"주부/직장인/대학생/취준생/고령자 일자리"
"평택 전기보조 자동제어 하루일당 15만~20만 급구"
"[1]"
"대전 노래방 알바 구합니다 0 1 0 5 4 0 5 1 2 8 2"
"[재택근무 사원 모집, 월 50 이상]"
"제주도호빠. O1O_9 9 8 3_8 5 7 8 부재시 문자남겨주세요"
"대전노래방도우미 아가씨모집0 1 0 - 3 9 3 7 - 7 7 3 3 "
"대전노래방도우미대전노래방알바0 1 0 - 3 9 3 7 - 7 7 3 3"
"[필독] 구글플레이스토어CS직원 전화조심해라"
"[1]"
"매일 컴퓨터 1~2시간 타이핑일 하실분 "
"[재택근무 사원 모집, 월 50 이상]"
"알바도되고 , 직장도되고 사람구합니다 ! "
"직원모집 급여높음/시간자유"
"매일 컴퓨터 1~2시간 타이핑일 하실분 "
"[재택근무 사원 모집 월 50 이상]"
"삼성반도체 월 400만원 급구 (페이오픈)"
"[3]"
"전단지 부착 관련 질문"
"[2]"
"남는시간 활용 돈벌어보세요/초간단 알바"
"대전노래방알바 도우미아가씨구해요"
"여심 사로 잡은 키스장인 남자배우는?"
"[디시人터뷰] BP라니아, 다시 Start a Fire"
"[단순부업]남여가능 알바 모집합니다"
"서울 종로 시급 1만원"
"안산 평택 안성 예성 아산 PCB, 생산직, 실내현장 다수 있음"
"고수익도 가능한 재택부업/알바/투잡 하실 분"
"(시간조정가능) 마케터모집"
"집에서 부업하실분?"
"여성취업/주부취업/재택근무"
"■ 20세이상 남녀모집 ■"
"구인합니다(3명)"
"출 퇴근 없는 부업 아르바이트"
"대전노래방도우미 대전노래방보도 아가씨"
"재택,부업,알바 선택은 현명하게 하셔요!"
"2016년 마지막 JAVA개발자 신입사원 채용교육(연봉2600만원)"
"사직서 내고 선택한.."
"직원채용합니다 내용"
"헬로우드림 주디에게 물어보세요!"
"재택부업,투잡 쉽고 정확한 방법으로 하세요"
"꿀알바 제택알바 제택크~ 고수익을 노려라~!!"
"여자알바모집합니다~"
"이번주 토요일 하루 10만원 / 6시간"
"[1]"
"[재택근무 사원 모집, 월 50 이상]"
"제주도호스트바."
"재택알바로 하루만에 110만원 번 비결 공개!!"
"★재택부업/직장인투잡/재택알바/20세이상이면누구나가능한일 ★"
"[홍보] 전문직 단기 박람회 참여하시고 선물받아가세요~"
"집에서 편안하게 일해요~"
"이번주 토요일 일당 8만원 (6시간) + 식사, 간식"
"[재택근무 사원 모집, 월 50 이상]"
"집에서 일하는 아르바이트 ?"
"##집에서 손부업하실분 모집합니다##"
"여심 사로 잡은 키스장인 남자배우는?"
"[디시人터뷰] BP라니아, 다시 Start a Fire"
"여성이면 연령대 상관없이 누구나 할수있는 직업 ♥"
"♥대전 노래방 아가씨 착한 사무실♥010  6626  6691"
"부업,투잡,알바 돈버는 설문조사 / 좌담회 엠브레인패널파워"
"고수익도 가능한 재택부업/알바/투잡 하실 분 보세요"
"누구나할수있는"
"주부재택부업"
"사원모집중"
"대전노래방도우미 아가씨모집0 1 0 - 3 9 3 7 - 7 7 3 3 "
"대전노래방보도 아가씨모집! 0 1 0 - 3 9 3 7 - 7 7 3 3"
"대전노래방도우미대전노래방알바0 1 0 - 3 9 3 7 - 7 7 3 3"
"함께해요~~"
"재택부업 하실분"
"집에서 시간제 일자리 / 간단하고 단순한 업무"
"편안하게 여유가지면서 일하실분?"
"타자 아르바이트 구합니다. [주급]"
"##집에서 손부업하실분 모집합니다##"
"차원이 다른 네트워크 마켕팅 회원 모집"
"집에서 백만원벌기"
"살도 빼고 돈도 벌고~~~"
"구인합니다(3명)"
"부업 아르바이트 (자료입력 재택근무 )"
"대전노래방알바 대전노래방보도 대전노래방도우미 아가씨 모집!!"
"하루 2~3시간  집에서 돈버는 방법 편한시간에 일해요"
"[1]"
"집에서 시간제 PC알바(급여높음)"
"재택알바 하실 분 "
"어떤 멘토 찾으시나요? 헬로우드림 주디에게 물어보세요!"
"탕정 숙노 평가좀"
"2016년 마지막 JAVA개발자 신입사원 채용교육(연봉2600만원)"
"여자알바 모집합니다~"
"*하루2~3일하고 매주월급받는일. 손쉬운 알바"
"여심 사로 잡은 키스장인 남자배우는?"
"[디시人터뷰] BP라니아, 다시 Start a Fire"
"제대로 된 멘토와 헬로우드림 시작해보세요!"
"집에서 컴퓨터로 돈 버실 분 찾습니다"
"돈 버는 정보"
"부업 아르바이트 (재택근무 알바)"
"블로그로돈벌기"
"알바및 조공 모집"
"[2]"
"재택근무로 편하게 일해요"
"두, 세달 하시고 목돈 만들어 가십시오. 많은 관심부탁드립니다."
"[1]"
"구인합니다(3명)"
"집에서도 가능한 부업,알바."
"시간제 알바 하실분(시급높음)"
"평택 전기업체 숙식제공 초보가능 소개소아닙니다"
"[1]"
"스트레스 없이 혼자서 일해보자~!"
"일합시다"
"집에서 시간제 PC알바(급여높음)"
"조공모집"
"알바및  조공 모집"
"[1]"
"낼 모레 오픈하는 재택알바입니다~서두르세요"
"초보자도 가능한 부업 소개."
"집에서도 가능한 돈버는 방법."
"주부 알바, 부업, 재택근무, 투잡"
"##집에서 손부업하실분 모집합니다##"
"<U+200B>출퇴근없는 시간자유 자택부업(TV방영된 신뢰성있는 회사)"
"하루 2시간 근무하는 재택부업"
"누구나 집에서 인터넷 만 되면 쉽게 할수 있는 알바"
"누구나 집에서 인터넷 만 되면 쉽게 할수 있는 알바"
"조금이라도 생활에 도움 되고픈 분들 확인해 보세요.."
"호스트바 선수 구합니다 지역은 속초 tc는 팀당 9만"
"출퇴근없는 아르바이트(수당높은 재택근무)"
"이렇게 쉬운줄 알았으면 진즉에 시작할껄!"
"여심 사로 잡은 키스장인 남자배우는?"
"[디시人터뷰] BP라니아, 다시 Start a Fire"
"★★ jtbc <슈퍼리치(가제)> 프로그램에서 의뢰인을 모집합니다!★★"
"재택알바,부업,투잡 - 누구에게는 특별한 삶"
"구인합니다(3명)"
"대우조선소 발판팀 사람구합니다"
"아이 유치원 보내놓고  커피마시면서 돈쓰지 마시고  집에서  돈버세요^^"
"일하고 싶은데 사람들과의 관계가 무서워"
"돈 없어서 괜시리 소심해지구.... 일을 시작해보는건 어떠세요??"
"괜찮나 함 봐줘"
"발빠르고 눈치있는분 모십니다"
"[1]"
"경제적 자유 얻고 싶다면 소문내고 돈버세요"
"집에서 간단하게 하실수있는 부업.알바"
"구인합니다(3명)"
"주부부업/재택부업/남녀노소/하루2~3시간/시간제가능"
"■재택부업/직장인투잡/시간제일자리/재택알바/ 20세이상이면 누구나 가능 "
"업계1위 공인된 기업 대행광고업체에서 [재택알바,근무]마케터를 모집합니다"
"초보로 시작해서 한달만에 60넘게 벌었어요"
"수익좋은 재택알바. 포스팅작업(학생,주부,출퇴근 힘드신분)"
"월200만원이상 벌어갈수있는 자유부업!!"
"집에서 컴퓨터로 편하게 일하실분 ★"
"재택근무자 모집합니다. 주부&대학생 가능"
"게임 하면서 부업하기"
"경제불안.청년실업 이런걱정없이 알바하실분"
"집에서 2-3시간만 하면서 할수 있는 부업 5명 모집합니다."
"국비로 지원되는 자바개발 채용연계교육"
"춘천열병합발전소 플랜트 전기공사 신입 일하실분 구합니다."
"강남오피스텔 월세 12개월 전.액 제공 이벤트"
"신개념 알바/투잡"
"ㅡ(시간제) 자료입력 재택알바(급여높음)/직장인투잡,주부알바"
"##집에에서 손부업하실분 모집합니다##"
"시간 자유로운 재택부업(누구나 가능)"
"여심 사로 잡은 키스장인 남자배우는?"
"[디시人터뷰] BP라니아, 다시 Start a Fire"
"집에서 하는 아르바이트 2분 모집합니다."
"남양주평내동 일당알바구함"
"하루3시간 투자하여 수익내는알바"
"남 부럽지 않은 삶을 살기위한 돈 버는 이야기 공개! 같이 일하실분~~"
"배우면서 즐겁게 하실수있는 재택업무"
"평택 전기현장 조공구합니다"
"[1]"
"집에서 아르바이트 하실분 모집해요"
"평일/주말 짜투리시간 활용해서 집에서 돈벌어요"
"성실한 사장님 모셔요"
"성실한 사장님 구해요"
"구인합니다(3명)"
"[1]"
"명단 정리 하실 분"
"성실하신 사장님들 모셔요~"
"[모집공고]하루에2~3시간/한달 생활비벌기"
"바지합니다."
"코이노미아"
"개인 ㅌ  ㅈ 임대받습니다.주백!ㅋㅌ nn1472"
"해외에서 일하실 열정적인 인재를 찾습니다"
"집에서 간단하게 3시간투자하기"
"탕정  일하실분"
"해외에서 높은급여받고 같이 일하실분"
"집에서 2시간만 할 수 있는 재택알바죠~~"
"같이일해요 !"
"##집에서 손부업하실분 모집합니다##"
"비디오 광고 시청하면서 보너스 받기"
"시간제 일자리(누구나 가능)"
"부업, 고수익알바 구인해요"
"★ 집에서 남는시간 틈틈히 알바/부업하실분 ★ "
"■ㅡ자료입력 재택알바(급여높음)직장인투잡,주부알바"
"집에서 알바하기?"
"여심 사로 잡은 키스장인 남자배우는?"
"[디시人터뷰] BP라니아, 다시 Start a Fire"
"■ㅡ집에서 시간제 PC알바(급여높음)/직장인,주부가능■"
"천안호빠 위치(O1O.6292.구오칠팔)"
"[1]"
"10월3일 박효신 정규7집나옵니다 감사합니다"
"집에서 재택근무 및 아르바이트 하실분 모집합니다"
"조선소 일하러 와라 (내용 有)"
"[2]"
"대명라이프 강남총판 영업사원 모집합니다. 출근X, 교육X"
"상여급 500% 자동차 부품 지게차 운전 및 자재관리 (충남 천안)"
"■ㅡ집에서 시간제 PC알바(급여높음)/직장인,주부가능■"
"★ 집에서 남는시간 틈틈히 알바/부업하실분 ★ "
"여러분~"
"♣ 출.퇴근없이 자유롭게 할수 있는 재택알바 ♣"
"비디오 시청하고 월110만원 도전"
"집에서 근무하실 분 모집."
"[1]"
"주부알바"
"[1]"
"■ㅡ집에서 시간제 PC알바(급여높음)/직장인,주부가능■"
"2-3시간만 활용하면 되는 재택부업 5명 모집합니다."
"인원모집합니다"
"조선소 꿀보직"
"재택알바"
"비디오 시청하고 월110만원 벌기"
"구인합니다(3명)"
"누구나 할 수 있는 고수익 알바"
"일자리 안내(시간 자유)"
"평택삼성현장"
"주백만원 드립니다."
"부업하실분 주100만원선결제!"
"알바하실분 월400 남녀무관!"
"부업하실분 주100만원선결제!"
"♣ 재택부업/투잡/재택알바/  20세이상이면 누구나 가능 ♣"
"부업하실분 주100만원선결제!!!"
"여심 사로 잡은 키스장인 남자배우는?"
"[디시人터뷰] BP라니아, 다시 Start a Fire"
"★ 집에서 남는시간 틈틈히 알바/부업하실분 ★ "
"■★ㅡ집에서 시간제 PC알바(급여높음)/직장인,주부가능★■"
"조선소 정규직 모집합니다.(알바가능)"
"[1]"
"경호 보안 구인"
"춥고 배고프네여 잠잘곳없을까요? 일자리주시면 더욱감사하고요."
"비디오 시청하고 월110만원 도전"
"단순부업--재택 알바"
"단순 부업 재댁 알바"
"대전노래방알바 대전노래방보도 대전노래방도우미 아가씨 모집!!a"
"부업 일자리,인터넷으로 업무가능 "
"■ 같이돈벌어보실분 깔끔 정직 신뢰 믿음 합법 ■"
"바지사장합니다."
"##집에서 손부업하실분 모집합니다##"
"일걱정 돈걱정 노노노"
"재택알바 구인공고 ▶ 간단한 타이핑 업무 하실분 채용합니다."
"■ㅡ집에서 시간제 PC업무(급여높음)/직장인,주부가능■"
"꿀알바경호"
"시간과 장소에 제약이 없는 재택알바"
"한달 100만원 버는 자택부업 (무자본)"
"집에서 하는 알바 구인합니다."
"구인합니다(3명)"
"집에서 일하는 부업 5명 모집  (주부,초보,투잡 모두 가능)"
"사이트 홍보 및 게시판 채우기 알바 구함"
"[1]"
"무자본 한달 100만 가능 부업"
"■■ㅡ집에서 시간제 PC알바(급여높음)/직장인,주부가능■■"
"대우해양조선  포설팀원 모집"
"추석단기알바구함함"
"[1]"
"부업하실분 주당백만원 지급!"
"해외에서 일하실분모집합니다."
"알바하실분 월300~600"
"여심 사로 잡은 키스장인 남자배우는?"
"[디시人터뷰] BP라니아, 다시 Start a Fire"
"20분 1만원 알ba 모집  카특 az77"
"편하게 집이나 학교에서 같이돈벌어보실분 깔끔 정직 신뢰 믿음 합법"
"일당지급 목돈이나 급히 필요하신분 성실 신뢰 합법"
"■ 같이돈벌어보실분 깔끔 정직 신뢰 믿음 합법 ■"
"평택  닥트숙노 일하실분구합니다 바로일가능합니다"
"간단한 인터넷부업 하실분!"
"건당4~ 58만원(누구나가능해요)"
"■ 집에서 시간제 PC알바(급여높음)★주부/직장인/대학생 ■ "
"조공구함"
"취업하기 어려운 지금! 고퀄리티 직업의 취업을 알아봅시다."
"# 단순알바 집에서 하는 부업 # 쉬운알바 (13년된 법인회사)"
"주부가 한달 300만원 가능할까요?[직접확인하세요]"
"부업이나 투잡 하실 분 모집합니다."
"2016년 하반기 JAVA개발자 신입사원 무료채용교육(연봉2600만원)"
"시간제일자리/주부알바"
"부천여월동 당일지급7 개꿀하실분"
"파트타임 간단한업무 아르바이트 구해요 (5명)"
"[모집공고] 성실하게 일하실분"
"구인합니다(3명)"
"폰팔이 알바해보려하는데 조언좁"
" 누구나 가능한 고수익 재택알바 / 컴맹도 가능!"
"조선소 질문한다"
"[5]"
"각종 프로그램 제작 및 수정합니다.0018613079260537"
"[1]"
"나이와 경력에 상관없는 재택근무하실 인원을 구합니다."
"누구나 성공할 수 있는 재택알바에서 전문가까지!"
"★_★ 광고 알바 하실분 찾습니다."
"##집에서 손부업하실분 모집합니다##"
"다음주 월요일부터(8월22일) 당장 일가능하신분 구합니다 (닥트숙노)"
"간단한 홍보알바"
"본인집에서 1~4시간 간단자료입력 업무보실분을 모집합니다."
"여심 사로 잡은 키스장인 남자배우는?"
"[디시人터뷰] BP라니아, 다시 Start a Fire"
"앉아서 돈벌기! 헬로우드림 ""고스타""가 도와드립니다 "
"2016년 하반기 JAVA개발자 신입사원 무료채용교육(연봉2600만원)"
"인천 에서 인재를 초빙합니다"
"조선소(삼성중공업)"
"재택업무 하실분 모집합니다."
"★(평일,주말)아르바이트생 모집합니다.★"
"부업알바/재택아르바이트로 집에서돈버는방법"
"★집에서 편하게 할수있는 알바★"
"원고보고 타이핑알바 작성하실분"
"재택알바하느라 샤샤샤 (주부부업/직장인부업)"
"직장인 투잡/ 재택근무에 관심 있으신 분 참고해 주세요^^"
"구인합니다(3명)"
"단기알바/대학생알바/투잡/주부부업가능/급여높음"
"헬로우드림 재택알바 모르세요?"
"무료회원 가입으로 집에서 생활비 벌어 보세요"
"★재택부업/투잡/재택알바 20세이상이면 누구나 다 가능합니다 ★"
"30대,40대 주부알바 추천"
"부천여월동 월180 숙식제공 꿀알바하실분"
"모집 공고"
"초기비용 없는 재택알바/주부,학생,직장인 누구나 가능 쉬운 알바 추천 ★"
"누구나 할수있는 쉬운 알바"
"컴퓨터로 돈 번다고 그랬잖아 (재택아르바이트)"
"직장인주부재택알바 "
"[1]"
"건당8천원 자료입력알바"
"조선소 개꿀직 오실분 전기검사원!!"
"폭염에도 집에서 일해요(초보가능)"
"조선소 전장화기 초보구인"
"울산 현대중공업 해양사업부 청소모집"
"주부/직장인들이여 집에서 돈벌자 (부업알바)"
"[아르바이트모집][알바모집][남녀무관][집에서돈버는일][재택알바]지원가능"
"여심 사로 잡은 키스장인 남자배우는?"
"[디시人터뷰] BP라니아, 다시 Start a Fire"
"개인통장 대포통장 개인장 대포장 삽니다  "
"재택부업을 하려면 이곳으로 오세요"
"꾸준하게 일하실 재택아르바이트를 구합니다."
"바ㅈ사장 합니다 / 개인장"
"[3]"
"★직원구함 (부업.투잡.주부환영)★"
"구인"
"부업,아르바이트 하실분 모집합니다"
"집에서 자택아르바이트하며 돈 버실분"
"집에서 편하게 하는 인터넷 부업"
"집에서돈벌수있는일"
"쉬운 재택알바정보 드려요"
"직원모집 2분 구인합니다"
"집에서돈벌기/자택알바 "
"▶▶구인해요(누구나가능)"
" ▶부업/아르바이트모집"
"[구인](주)크래프트테크놀로지스/핀테크/웹어플리케이션/www.qraft."
"역삼동 일하실분 일당12"
"■ 집에서 편하게 일해요 ■"
"하루 1~2시간 아르바이트 가능하신분"
"남녀 아르바이트 모집합니다"
"재택알바로 집에서 돈벌어요~"
"본업 하시면서도 하실수 있는 일이세요~♡"
"대형광고대행사 사원 채용합니다.(간단한 타이핑업무/재택근무)"
"재택아르바이트 쉬원하게 집에서 일해요"
"구인합니다(3명)"
"직장인부업/직장인투잡 가능"
"쉽게 할 수 있는 재택알바 모집합니다."
"월 300이상! 주부,대학생,투잡가능 이젠 재택근무하세요."
"★국내에서 근무할 스포츠관련 실장및 직원 모집★"
"천안호빠 안내원(공일공.구구육팔.오이이사)"
"여심 사로 잡은 키스장인 남자배우는?"
"[디시人터뷰] BP라니아, 다시 Start a Fire"
"집에서 돈벌어요"
"★ 집에서 남는시간 틈틈히 알바/부업하실분 ★"
"천안호빠 성민실장팀(oio.39o6.삼삼이팔)"
"[1]"
"재택아르바이트/주부부업/하루2시간"
"[1]"
"집에서 편하게 하는 인터넷 부업"
"[1]"
"▶돈되는부업◀짬짬히 하며 생활비 벌어보아요"
"헬로우드림 초보도 할수있다~"
"재택부업/투잡/직장인부업/대학생아르바이트"
"★ 부업,아르바이트"
"월 300이상! 주부,대학생,투잡가능 이젠 재택근무하세요."
"##집에서 손부업하실분 모집합니다##"
"누구나 쉽게 배우고 시작할 수 있는 인터넷 부업"
"★ 집에서 남는시간 틈틈히 알바/부업하실분"
"부업/아르바이트 모집"
"재택알바 하실분 "
"[삼성] 대운해양/ 단순 스펀지 부착 //월300"
"[구인] 월400 단순 알바직 "
"부업,아르바이트,투잡하실분/남녀 모집(재택근무)"
"집에서 돈벌어요"
"인터넷 부업 하실 분 모집합니다."
"집에서 월이백버는 드림큐"
"헬로우드림 하는일 니지가 도움드려요~"
"누구나 쉽게 초보도 할 수 있는 인터넷 부업"
"★ 집에서 남는시간 틈틈히 알바/부업하실분 ★ "
"▶▶구인해요(누구나가능)"
"하루에 2~3시간 일하고 한달 생활비벌기"
"구인합니다(3명)"
"♥ ♥ ♥ ♥ ♥ 비앤샵에서 인재를 모집합니다 ♥ ♥ ♥ ♥ ♥"
"집에서 일하세요"
"누구나 쉽게 초보도 할 수 있는 인터넷 부업"
"여심 사로 잡은 키스장인 남자배우는?"
"[디시人터뷰] BP라니아, 다시 Start a Fire"
"일자리(누구나가능)"
"TV에 소개 된 재택부업계 1위 회사!!"
"##집에서 손부업하실분 모집합니다##"
"소소한 부업으로 용돈벌이해요"
"부업쉽게하세요"
"*직원구합니다*"
"집에서 할수있는일/자료입력 재택부업 채용합니다"
"재택근무로 가능한 알바하실분 구해요"
"삼성중공업 인원구함"
"방학 알바 구해요"
"선착순3명급규"
"[공지]▶블로그 포스팅 홍보 부업/알바 (재택근무) /주부/직장인/대학생"
"부업/투잡 관심있으신분 (주부,대학생환영)"
"초보도 할수있는 재택부업/직장인투잡/주부부업"
"짬나는 시간 자유알바/직장인투잡/주부부업"
"제주도에서 잡부 아르바이트 하실분구해요! 단기"
"재택근무 아르바이트 월400~500만원 벌어요(투잡,주부가능)"
"집에서돈벌어요"
"신입/주부/조기정착금발생/단순업무"
"집에서 컴퓨터로 편하게 일하실분 ★"
"주부부업/재택부업 급여높은 시간제일자리(주부가능)"
"집에서 아이들 돌보면서 부업으로 생활비 벌어보세요"
"pc방아르바이트 강북구 강북구청근처 수유역5분거리 알바구함"
"직원모집(단순pc업무/급여샘)"
"[1]"
"무실적이 없는 주부알바"
"집에서 짬나는 시간에 할 수 있는 고소득 알바 꿀팁!!!"
"헬로우드림 재택알바/직장인 알바 모집"
"##집에서 손부업하실분 모집합니다##"
"당사에서는 성실한 아르바이트생 및 사원을 모집합니다"
"부업시작 계속 망설이실건가요?"
"여심 사로 잡은 키스장인 남자배우는?"
"[디시人터뷰] BP라니아, 다시 Start a Fire"
"##집에서 손부업하실분 모집합니다##"
"헬로우드림으로 삶이 넉넉해졌어요"
"집에서 2~3시간 투자해서 용돈벌기(초보환영/주부가능)"
"★ (시간제) 단순PC업무(급여높음)직장인,주부가능 ★"
"하루 2-3시간 편한시간대 일하는 재택알바 구함"
"집에서할수있는부업 하실부구해요~"
"직원 및 아르바이트 모집"
"집에서 돈벌어요"
"자료입력 업무 프리랜서 모집합니다"
"서울시청역 주방보조 구합니다(초보자가능)"
"[1]"
"★해외근무 가능하신 남녀직원모집★"
"[1]"
"평일/주말 시간자유롭게 일해요♥<U+200B>"
"*직원구함*"
"평일,주말 가능한 재택부업,초보가능"
"하루3~4시간 자유롭게 일할분모집"
"집에서 믿을 수 있는 돈버는 방법"
"온라인 아르바이트 모집"
"★집에서 PC알바(급여짱)-주부부업,직장인투잡,대학생★"
"직장인투잡/주부부업(시간자유)"
"JAVA개발자 IT기업 채용연수과정(연봉2600만원)"
"★ 시간자유로운 일자리(급여높음) ★"
"집에서 하는 고수일 알바 꿀팁!!!"
"냉난방시스템 측량보조 알바 구합니다. (2명) 평택거주자 환영, 숙식가"
"주부,직장인 누구나 집에서 돈벌수있는 화제재택부업~★ "
"재택알바 하루 2~3시간만 일하셔도 충분해요~"
"숙노 같이 일하실분"
"구인합니다(3명)"
"집에서 부업/알바 [월 150-200만원]"
"평일/주말 시간자유롭게 일해요♥<U+200B>"
"직장인투잡도 가능, 재택근무가능"
"여심 사로 잡은 키스장인 남자배우는?"
"[디시人터뷰] BP라니아, 다시 Start a Fire"
"하루 3~4시간 자유롭게 일할분 구합니다"
"2016년 JAVA개발자 IT기업 채용연수과정(연봉2600만원)"
"숙.노   조공구합니다"
"부업!투잡!알바!모두해결!!"
"남/여 구인정보"
"대전노래방도우미 아가씨모집0 1 0 - 3 9 3 7 - 7 7 3 3"
"재택근무 알바 집에서돈버는방법 추천!"
"집에서 부업/알바 [월 150-200만원]"
"천안 조공00명 구합니다"
"담배 에쎄라이트 10보루 싸게팝니다"
"인터넷으로할수있는부업 추천해요"
"집에서 편하게 부업하기"
"일하실분 당일지급"
"누구나 할수있는 일자리"
"인천경기서울 일하실분 당일지급가능"
"서울경기인천 경호알바하실분구합니다"
"안녕하세요 대구 경남 인력입니다.  일하실분(구인) 모집합니다."
"집에서 부업/알바 [월 150-200만원]"
"급여높은 시간제 일자리"
"2016년 JAVA개발자 IT기업 채용연수과정(연봉2600만원)"
"하루 3~4시간 자유롭게 일할분 구합니다"
"구인정보 [높은 급여]"
"더 낳은 삶을 포기하고 그냥 지금처럼 가실 건가요?"
"[1]"
"30대주부부업/40대주부부업 이만한게있을까?"
"집에서 부업/알바 [월 200-300만원]"
"투잡으로 많이들 선택하는 알바"
"함께 같이 일하실분~"
"집에서 하는 재택알바 :)"
"집에서 부업/알바 [월 150-200만원]"
"헬로우드림 집에서하는부업/헬로우드림 당일지급"
"여심 사로 잡은 키스장인 남자배우는?"
"[디시人터뷰] BP라니아, 다시 Start a Fire"
"2016년 JAVA개발자 IT기업 채용연수과정(연봉2600만원)"
"용인에서 편하게일하실분"
"[1]"
"ㄹㄴㄹㄴ"
"집에서 부업/알바 [월 150-200만원]"
"2016년 JAVA개발자 IT기업 채용연수과정(연봉2600만원)"
"집에서 짬나는 시간 일해서 돈벌어 보아요 "
"시간제 일자리( 재택부업, 투잡)"
"집에서 부업/알바 [월 150-300만원]"
"대구 일하실분 계신가요~ 당일지급입니다! "
"자유 시간 페이 높은 일자리 정보"
"유능한 개발자를 뽑습니다!"
"주부라서 가능한 일자리"
"편하게 집에서 gogo~~"
"출퇴근없는 고수익부업/알바(누구나가능) ,"
"누구나 할수 있어요 도전하세요"
"구인정보 [높은 급여]"
"정년퇴직없는 직장 구하시면 클릭하세요 ★★"
"신차구매대행 알바 모집합니다."
"[1]"
"알바, 직원구합니다."
"집에서 수익내기 !"
"커피 한 잔 값으로 얻는 #취업#면접 꿀팁 정보!!"
"★ 평생 일할수있는 일자리 ★"
"부업/채용공고"
"시간제일자리(주부가능)"
"남/여 구인정보"
"집에서 부업/알바 [월 150-300만원]"
"끈기만 있으심 누구나 할수있는일"
"집에서 부업/알바 [월 150-300만원]"
"마케터 모집"
"집에서 일하실분 (시간자유)"
"여심 사로 잡은 키스장인 남자배우는?"
"[디시人터뷰] BP라니아, 다시 Start a Fire"
"인지도있고 간단한집근무"
"누구나 집에서 하는 알바(주부 가능)"
"집에서 할수있는 알바"
"◈ 집에서 시간제 알바(급여짱) / 부업.투잡 ◈ "
"인천 학익동 일하실분"
"ㅇㅇ"
"간단한 집근무/경험후기"
"직/장생활하다가 요즘은 인터넷이용해 재/택/알/바하고 있어용~!"
"시간제일자리(인기부업)"
"솔직한 조선소 구인모집"
"[1]"
"JAVA개발자 IT기업 채용연수과정(연봉2600만원)"
"컴퓨터 전문지식 많은분"
"★ 집에서 시간제 알바(급여높음)"
"평일/주말 페이높은 일자리"
"시간자유알바(대학생,직장인투잡,주부부업)"
"집에서할수있는 손쉬운 재택//투잡업무"
"집에서 할 수 있는 재택알바 구합니다."
"숙노 전기조공 구한다"
"재택알바 투잡부업 안전한 회사 선택하세요 ★"
"특허인증받은 곳에서 안정적으로 월급받으며 집에서 일하기"
"집에서 포스팅알바 하실분(글쓰기 알바)"
"삼성중공업 협력업체 구인합니다."
"구인해요(누구나가능)"
"인천학익동 일하실분 숙식가능"
"광고 보실분"
"◆TV에방영된믿고할수있는집에서근무◆  "
"간단한 PC 자료입력 업무/재택알바/주부부업"
"시간제 아르바이트(주부가능)"
"집에서 간편하게/믿을수있는 일"
"하다하다 별게 다 나왔구만 ㅋㅋ "
"여심 사로 잡은 키스장인 남자배우는?"
"[디시人터뷰] BP라니아, 다시 Start a Fire"
"■ 짬나는 시간에 할수있는 알바 ■"
"◈ 집에서 꾸준한 고수익 부업 ◈ "
"포도몰이라는백화점 주간보안알바 어떠냐?"
"2016년 상반기 JAVA개발자 무료채용교육(연봉2600만원)"
"77세 할머니도 하고 있는 알바 "
"★ 집에서 급여 높은 알바 ★ 주부/직장인/대학생가능 "
"피씨방 담배피는거 신고하려는데"
"구인해요(누구나가능)"
"인터넷으로 할수있는 아르바이트/재택알바/주부부업/대학생알바"
"★ 직 원 모 집 (3명)★"
"■ 20세이상 할수있는 부업 (주부도가능) ■"
"직장인투잡알바/재택부업/주부부업"
"시간제 일자리 (시간조정가능)"
"집에서 편하게 자료입력 (페이높음)"
"▩주부 직장인 알바/부업?  브랜드검색 업계1위!"
"편한알바 모집합니다"
"시간제 일자리 (주부가능)"
"부업 꾸준히 하실분 남녀모집 "
"집에서 편하게 컴퓨터로 일하실분(초보가능)"
"구인해요(누구나가능)"
"알바/부업하실분 모집합니다 (건당 최대 55만원+@ / 초보자 가능)"
"선릉 , 실험실 보조 알바 구합니다 ."
"단기알바/장기알바/프리랜서 초보환영 [집에서할수있는부업]"
"[1]"
"평택 삼성엔지니어링 작업자모집합니다"
"[1]"
"시간제 아르바이트 모집"
"알바/부업하실 분 모집합니다"
"평택삼성현장 작업자모집합니다"
"[2]"
"급여높은 알바 모집합니다."
"[1]"
"건당 최대 55만원+@ / 초보자 가능 / 단순반복업무"
"평택삼성현장작업자 모집합니다 잔업풀"
"여심 사로 잡은 키스장인 남자배우는?"
"[디시人터뷰] BP라니아, 다시 Start a Fire"
"하루 5분 부업으로 월 300벌기"
"[2]"
"구인해요(누구나가능)"
"평택 고덕 삼성전자 현장 전기보조 구함"
"[3]"
"집에서 편하게 하는 부업  [초보가능/경력무관]"
"직원 모집>> 초보자 가능/경력,성별 무관/ 시간 원하는대로 조정 가능"
"주부부업/직장인투잡알바/시간제알바"
"서울역 쪽 배달 사원 구합니다."
"재택 성실사원모집"
"안녕하세요 재택부업,투잡 하실분 모집합니다"
"목소리알바"
"[1]"
"집배원 되는 방법에 대해서 아는 갤러 답변좀해줘."
"짬나는대로 부업하실분 모집해요~주부도가능해요!"
"※ 모집공고 ※"
"설에 갈곳이 없네요"
"시간제 일자리"
"■ 시간이 자유로운 일자리 ■"
"타이핑알바 하실분(페이높음)"
"타이핑알바 하실분(페이높음)"
"재택알바/부업 하실분"
"남는시간 조금만 활용하세요!!"
" * 하루 2-3시간/시간제 일자리 * "
"시간제 아르바이트 모집"
"2016년 상반기 구인공고"
"직 원 모 집 ( 누 구 나 가 능 ) "
"※ 방송에 소개된 부업 ※"
"직원구함"
"초기비용없는 아르바이트(쉬운알.바)"
"큐오리서치에서 설문조사 회원 모집합니다."
"★ 직 원 모 집 ★"
"※ 투 잡 으 로 한 달 100~300만원 "
"여심 사로 잡은 키스장인 남자배우는?"
"[디시人터뷰] BP라니아, 다시 Start a Fire"
"시간제 일자리/ 알바 (초보가능)"
"더블스펙업이 가능한 푸르덴셜생명 SPAC 프로그램!!!"
"모집공고(초보가능/급여높음)"
"인턴채용 공고 모음 (정규직전환)"
"평택 고덕 삼성현장 전기보조구함"
"짬나는시간 생활비벌기"
"재택근무-시간제일자리"
"재택부업,알바,투잡 (시간자유 알바)"
"집에서 일하실 분(주부,대학생 가능)"
"연락올 확률 높은 채용 공고 모음"
"블로그포스팅 알바 하실분 모집합니당^^ 일가르쳐드려요"
"2016년 상반기 JAVA개발자 무료채용교육(연봉2600만원)"
"[대학생알바/주부부업] 블로그 포스팅 알바(재택근무 가능)"
"집에서 일하실분"
"믿을수있는 재택알바 헬로우드림 추천합니다!!"
"시간제일자리"
"면접 감점 요인"
"재 택 부 업/남 녀 모 집"
"타이핑알바/자료입력업무 일하실분 모집"
"알바급구 블로그포스팅 및 온라인광고주모집 담당"
"재택부업 (직장인투잡,주부부업,대학생알바,시간제알바)"
"한탕 하실분"
"[1]"
"시간날때 일하실분!"
"알바를 구했다면 알바근로계약서 작성을 기억하세요~"
"[2]"
"이의동에서 알바구합니다"
"공기업 vs 공무원"
"집에서 일하실분(시간자유.급여높음)"
"2016년 상반기 JAVA개발자 무료채용교육(연봉2600만원)"
"단기알바 월 천만원 달성"
"[1]"
"cj제일제당 합격 자소서.jpg"
"여심 사로 잡은 키스장인 남자배우는?"
"[디시人터뷰] BP라니아, 다시 Start a Fire"
"시간자유알바/주부부업/직장인투잡/대학생알바"
"스터디 구할 때 피해야할 닝겐"
"2016년 상반기 자바개발자 신입사원 무료채용교육(연봉2600)"
"ibk 신입사원 모집 (~12.23)"
"롯데마트 인턴 (고졸가능)"
"(주)리림 스토어킹 대리점장 모집(개인창업, 영업아닙니다)"
"평일/주말 급여높은 시간제 일자리"
"재택알바 5개월만에 전셋집 마련했어요 ^^"
"★알바모집★대학생,직장인,주부,초보가능"
"[평일/주말] 자료입력 (근무시간자유,페이높음)"
"술 강요하는 회사 회식자리에서 토하면 어떻게 됨?"
"[1]"
"코트라 호주 인턴"
"[2]"
"동부대우전자 하반기 신입 모집"
"[2]"
"YG엔터테인먼트 신입사원 모집"
"[5]"
"평일/주말 급여높은 시간제 일자리"
"수원우만동 알바모집"
"[1]"
"금융권 취업을 희망하는 답답했던 취준생이 꼭 봐야 할 모집 공고네요!"
"Cj에서 단순업무직원구합니다 수원우만동"
"영덕대게 판매딜러구합니다. 전국 최저가로 승부가능"
"[1]"
"요즘 조선소 일거리 많나요?"
"[1]"
"시간제일자리/대학생,직장인,주부가능"
"간단한 문서작성 및 타이핑알바(초보가능)"
"평일/주말아르바이트(시간제)"
"평일/주말 급여높은 시간제 일자리"
"2016년 상반기 JAVA개발자 무료채용교육(연봉2600만원)"
"취업교육 프로그램"
"지원하면 연락올 확률 높은 기업"
"재 택 알 바/주 부 부 업/남 녀 모 집 "
"평일/주말급여높은부업 시간제일자리 (주부가능)"
"★알바모집★취준생/직장 주부/대학생인/누구나가능"
"여심 사로 잡은 키스장인 남자배우는?"
"[디시人터뷰] BP라니아, 다시 Start a Fire"
"울산 현대중공업 협력사원모집"
"집에서 부업하실 남녀모집 "
"여기 다죽었냐?? 전에왔을때는 안산/수원/등등 노가다맨들많았었는데.,"
"[2]"
"평일/주말급여높은부업(주부알바,직장인투잡,대학생알바,인터넷부업,재택알바,"
"2016년 상반기 자바개발자 신입사원 무료채용교육(연봉2600)"
"이랜드 정규직 전환 인턴채용"
"포스코 인턴 채용"
"현대자동차 인턴"
"시간제일자리/대학생,직장인,주부가능"
"노스페이스 신입 사원 모집"
"서울 도시철도공사 신입사원 모집"
"효림그룹 신입 및 경력 모집"
"민병철교육그룹 신입사원 모집"
"가정에서 부업하실 남녀모집 "
"뻔한spec쌓기에 질렸다면? SPAC 프로그램!"
"지원하면 연락 올 확률 높은 채용공고"
"혹시 부업이나 투잡하실 분 계세요?"
"시간제 일자리(주부가능)"
"평일/주말 급여높은 시간제 일자리"
"SPAC 프로그램 추천"
"줄서기"
"시간제일자리/대학생,직장인,주부가능"
"네이처리퍼블릭 신입 및 경력모집"
"명화공업 신입사원 및 경력사원 모집"
"집에서 2~3시간 부업하실분 구합니다"
"서울특별시 도시철도 공사 신입사원 모집"
"JYP 엔터테인먼트"
"울산현대중공업 사원모집"
"조선소 일할사람"
"2016년 상반기 자바개발자 신입사원 무료채용교육(연봉2600)"
"여심 사로 잡은 키스장인 남자배우는?"
"[디시人터뷰] BP라니아, 다시 Start a Fire"
"재 택 알 바/주 부 부 업/남 녀 모 집 "
"애들아 부탁인데 이글 한번만 읽어줘라"
"[2]"
"재택근무,재택알바/대학생,직장인,주부 모두 가능합니다."
"평일/주말자료입력(주부일자리,주부부업,직장인투잡,부업사이트,인터넷부업)"
"소액결제 봉티켓 믿을만하죠..."
"[4]"
"★ 2016 상반기 채용정보 ★ "
"공장생산직 4년제 vs 전문대생 누구를 더 선호하나요?"
"sk 인터뷰"
"시설경비 구합니다"
"하루2시간 집에서 부업하실분 구합니다"
"평일/주말 급여높은 시간제 일자리"
"울산 현대중공업 사원모집"
"시간자유알바/주부부업/직장인투잡/대학생알바"
"집에서하는알바/주부,대학생,직장인 모두 가능!!"
"재택알바/부업/투잡/주부부업/직장인투잡/대학생알바/재택근무알바/시간제알바"
"평일/주말 집에서 급여높은 자료입력 (초보가능)"
"구인 - [수원 영통] 양고기 숯불구이 전문점 라무진"
"2016년 상반기 JAVA개발자 무료채용교육(연봉2600만원)"
"주부일자리/직장인 일자리/대학생 알바/단기알바 /시간자유부업 "
"시간제일자리/대학생,직장인,주부가능"
"재택알바/부업/투잡/주부부업/직장인투잡/대학생알바/재택근무알바/시간제알바"
"평일/주말 급여높은 자료입력"
"[전국대모집] 돈버실분!!!!!조기마감 가능성있으니 서두르세요"
"숙식제공 출퇴근가능 월 175 정장지급 깔끔한일. 포항"
"소액결제 현금화"
"[2]"
"2015 아르바이트 채용"
"재택알바/부업/투잡/주부부업/직장인투잡/대학생알바/재택근무알바/시간제알바"
"울산 현대중공업 사원모집중 아웃소싱 소개비 없음"
"설문조사만으로도 1~20만원 이상 수익발생!!"
"▣ 20세이상 남여 아르바이트 모집(초보,주부,중장년가능) ▣"
"여심 사로 잡은 키스장인 남자배우는?"
"[디시人터뷰] BP라니아, 다시 Start a Fire"
"시간제아르바이트(주부부업,직장인투잡,대학생알바)"
"성실한 아르바이트생 모집합니다"
"주부부업/직장인투잡/인터넷알바/집에서돈버는방법/재택근무알바"
"아르바이트 모집!"
"자료입력 아르바이트모집(재택근무/시간자유)"
"짬나는시간 집에서 부업하실분(시간자유제/당일지급가능)"
"시간제 일자리"
"짬나는시간/자유알바/주부부업/대학생알바/투잡"
"평일/주말 급여높은부업(주부알바,직장인투잡,대학생아르바이트,재택알바)"
"재택알바/재택부업/주부부업/주부알바/아르바이트모집"
"매주 월요일 주급 받아요--(주부/직장인/대학생)"
"시간자유 급여높은 부업/알바 (당일지급)"
"당일지급 시간제 아르바이트(초보/주부가능)"
"아 르 바 이 트 모 집 (재택근무/시간자유)"
"시간자유알바/직장인투잡/주부부업/대학생알바"
"집에서 자유롭게 PC를 이용하여 홍보업무를 하실 마케터 모집중!"
"평일/주말 시간제 아르바이트"
"주급받는 아르바이트 모집 (주부/직장인/대학생)"
"믿거나 말거나"
"시간자유 평일,주말 아르바이트(당일지급가능)"
"수익높은 일자리 부업"
"★재택알바/투잡★하루1시간이라도 꾸준히만!!"
"★재택알바/투잡★하루 1시간이라도 꾸준히만!!"
"한국/일본 알바 급구!!"
"[1]"
"시간제일자리(주부부업/재택근무/재택알바/직장인투잡/대학생아르바이트)"
"아.르.바.이.트/부.업하실분 모.집"
"믿거나 말거나"
"재택알바. 부업. 평일알바. 고소득알바. 주말알바. 집에서일하기!"
"★ 당사는 일하실분을 모집합니다"
"성실한 근무사원 모집!! (초보/컴맹 가능)"
"여심 사로 잡은 키스장인 남자배우는?"
"[디시人터뷰] BP라니아, 다시 Start a Fire"
"재택근무/쉬운알바/직장인투잡/급여높은부업/주부부업"
"아르바이트 부업 재택근무 "
"평일/주말 아르바이트/직장인투잡/재택알바/인터넷알바/주부부업/직장인투잡왕"
"꾸준히 성실하게 일해주실 분 모집합니다"
"주부부업/직장인투잡/인터넷알바/집에서돈버는방법/재택근무알바/블로그로돈벌기"
"★당일 정산 ★"
"평일/주말 급여높은부업(주부알바,직장인투잡,대학생아르바이트)"
"출퇴근 필요없는 일자리 (주부/대학생/투잡가능)"
"재택알바/직장인투잡/부업거리/주말알바/야간알바/집에서할수있는부업/자택알바"
"집에서돈벌기/자유아르바이트/직장인투잡/대학생알바/인터넷부업/주부부업추천"
"재택근무 아르바이트"
"시간제아르바이트(주부부업,직장인투잡,대학생알바)"
"음성 채팅 재택 알바입니다 분당 150원, 시간 당 9,000원입니다."
"평일,주말 [남,녀] 아르바이트모집(초보가능/시간자유)"
"꾸준히 성실하게 일해주실 분 모집합니다"
"나 29살 동료찾눈더"
"[1]"
"경기도 성남시 분당 정자동 웨이터하실분"
"주부부업/직장인투잡/인터넷알바/집에서돈버는방법/재택근무알바/블로그로돈벌기"
"아르바이트 이제 헬로우드림으로"
"평생부업/재택알바"
"인포그래픽 이력서 제작 실습강의 (~얼리버드 8/31 마감)"
"알바 부업 자택근무모집 "
"재택부업 (직장인투잡,주부부업,대학생알바)"
"2015년 하반기 자바개발자 신입사원 무료채용교육(연봉2600)"
"평일/주말 급여높은부업(주부알바,직장인투잡,대학생아르바이트)"
"시간제 일자리 (주부부업,직장인투잡,대학생알바)"
"아르바이트 이젠 내시간에 맟춰 편하게 해요"
"주부부업/직장인투잡/인터넷알바/집에서돈버는방법/재택근무알바 "
"재택근무/쉬운알바/직장인투잡/급여높은부업/주부부업"
"문서작성 및 자료입력/대학생알바/주부부업/투잡/초보가능"
"여심 사로 잡은 키스장인 남자배우는?"
"[디시人터뷰] BP라니아, 다시 Start a Fire"
"모바일 및 pc로 돈벌기"
"모바일 및 pc로 돈벌기"
"모바일 및 pc로 돈벌기"
"재택알바 하실 분 모집"
"컴퓨터 프로그래머 구합니다. 관심있으신 분"
"재택근무/쉬운알바/직장인투잡/급여높은부업/주부부업"
"재택근무/2~3시간알바 (당일지급)"
"☆★자택 근무자 모집 (여성우대)☆★"
"집에서 재택알바 하실분 모집"
"집에서 2~3시간 일하고 월급 받아요"
"배고프다"
"ㅋㅋㅋㅋㅋㅋㅋㅋㅋㅋ"
"여긴 무슨 ㅋㅋㅋㅋㅋ이상한 광고글 밖에 없냐"
"배고프네"
"집에서돈벌기"
"직원모집 합니다."
"평일/주말 시간제 일자리(초보/주부/부업가능)"
"단기/장기 남녀 아르바이트 모집"
"하루 2~3시간 아르바이트 "
"재택부업/시간제 알바/집에서 근무중"
"집에서 하는 알바/하루2~3시간부업/컴퓨터자료입력알바"
"아르바이트 모집중"
"당일지급 시간제 일자리(초보/주부가능)"
"재택부업/재택알바/직장인투잡/주부부업/꿀알바"
"시간제 아르바이트 "
"재택근무/쉬운알바/직장인투잡/급여높은부업/주부부업"
"2015년 하반기 자바개발자 신입사원 무료채용교육(연봉2600)"
"안티연구소에서 인재를 모집 합니다."
"[1]"
"폰으로도 하는 부업!!!!!!!!!!!!!!!!"
"짬나는 시간 생활비 마련~!?"
"여심 사로 잡은 키스장인 남자배우는?"
"[디시人터뷰] BP라니아, 다시 Start a Fire"
"재택부업/재택알바/꿀투잡"
"쉬운부업/주부부업/재택알바/대학생알바/직장인투잡 (방송에나온 부업)"
"급여높은 부업"
"아르바이트 모집"
"인터넷 재택사업 하실 분 보세요.."
"자유롭게 일하실분들 모십니다"
"집에서 틈틈히돈벌기/시간제알바 부업선호도1위 "
"초보도 가능한 시간자유 아르바이트(주부가능)"
"재택부업/재택알바/인터넷투잡/20세이상"
"알바하면서 팁받는법"
" 엠창 인생 입니다... 조언 부탁 드립니다... "
"[2]"
"시간자유 알바 및 부업가능!?"
"집에서 하루1-4시간 아르바이트"
"인터넷투잡/대학생알바/주부부업/방송언론에 소개된 알바모집"
"같이 일합시다"
"재택알바/집에서할수있는부업/직장인투잡/재택근무"
"직원모집"
"평일/주말 급여높은 재택알바/재택부업"
"부업(동영상 설명 보세요)"
"재택근무/시간자유알바/직장인투잡/주부부업"
"시간제 재택알바모집/주부가능"
"집에서 생활비벌기"
"재택부업/재택알바/인터넷투잡"
"◆ TV SBS 방영된 안전한 재.택.부.업 ◆"
"시간자유알바/직장인투잡/주부부업"
"평일/주말 아르바이트/주부가"
"재택알바 - 초보가능/주부가능"
"직원모집"
"재택부업/꿀투잡/시간제알바모집"
"단기/장기 아르바이트 (초보환영)"
"여심 사로 잡은 키스장인 남자배우는?"
"[디시人터뷰] BP라니아, 다시 Start a Fire"
"2~3시간 아르바이트 (당일지급)"
"집에서 고수익벌기"
"주부님들이 주로 하시는 재택 알바"
"남/녀 사원모집합니다."
"알바급구]간단한 PC자료 업무(재택가능)"
"중국(China)담배 해외배송 전문서비스."
"시간 활용 자유로운 아르바이트 정보"
"하루2-3시간 급여높은일(주부환영)"
"주중 주말 아르바이트 사원 모집"
"집에서 재택근무 하실 분 모집"
"지금 찾으시는 일입니다."
"알바할사람 다단계아님"
"주부부업.직장인투잡.대학생알바"
"부업을 월300버는 실제주인공이 저예요."
"쉽고 간단한 업무 편안한 최선의 일자리 (당일지급)"
"집에서할수있는 재택알바 월100만원 벌기  도전~?"
"가정부업하실분 모집(주부환영,수당높음)"
"2015년 하반기 자바개발자 신입사원 무료채용교육(연봉2600)"
"건축 토목 기계 전기등 비상근(급) 구합니다."
"[1]"
"알바할사람 다단계아님"
"인적자원으로 서로 도와 봅시다~"
"집에서 꾸준히 생활비 버실분"
"재택구인합니다"
"평일/주말 급여높은부업(주부가능)"
"성실히 일해주실 분 모십니다"
"출,퇴근 필요없는 부업 하실분 구합니다(주부가능,급여높음)"
"주부님들/대학생분들 재택부업같이해용"
"평일/주말 급여높은 부업(주부가능) "
"집에서 하는 부업/시간제"
"가정부업하실분 모집(주부환영,수당높음)"
"여심 사로 잡은 키스장인 남자배우는?"
"[디시人터뷰] BP라니아, 다시 Start a Fire"
"월 600이상 일구합니다"
"[1]"
"어렵지 않은 블로그로 돈버는 알바"
"집에서 부자되요"
"평일/주말 가능한 알바(주부,초보,투잡가능)"
"컴맹주부의 300버는 부업성공비법(정보공유)"
"2015년 하반기 자바개발자 신입사원 무료채용교육(연봉2600)"
"쉬운 pc입력업무/컴맹,주부 가능"
"컴퓨터업무 아르바이트 (주부가능,수당높음)"
"집에서 300만원 벌어보세요~(구인구직)"
"급여높은 시간제 일자리(초보가능)"
"[재택알바] 누구든지 평생~~일할수 있는 재택알바!!! [초보가능, 주부"
"알바하실분 다단계아님"
"출,퇴근 필요없는 부업 하실분 구합니다(주부가능,급여높음)"
"집에서 인터넷알바 하실분 모집"
"쉽고 간단한 업무 편안한 최선의 일자리 (당일지급)"
"가정부업하실분 모집 (수당높음,쉬운업무)"
"집에서 인터넷부업 하실분(급여높음)"
"일구하시는분 여기보세요"
"집에서 월100만원 벌기(시간자유/초보가능)"
"집에서 재택알바 하실분 모집"
"집에서 인터넷부업 하실분(급여높음/주부가능)"
"구인바래용~///"
"출,퇴근 필요없는 부업 하실분 구합니다（주부가능,급여높음）"
"평일/주말 급여높은부업(주부가능)"
"돈벌수있는꿀팁"
"같이 일해봐용"
"[1]"
"집에서 꾸준하게 생활비 버실분"
"투잡이 대세"
"틈나는시간 활용하여 일하세요!!"
"내가 집에서 매달 300만원 버는 일~"
"여심 사로 잡은 키스장인 남자배우는?"
"[디시人터뷰] BP라니아, 다시 Start a Fire"
"출,퇴근이 필요없는 일자리(평생가능,급여높음)"
"하루 몇시간씩 부업/아르바이트생 모집"
"★급여높은부업(주부가능/당일지급) ★"
"평일/주말 급여높은 부업"
"하루 2~3시간 재택알바하실분 모집합니다"
"출,퇴근이 필요없는 일자리"
"직장인,전업주부,취준생,대학생 에게 유용한 돈되는정보"
"집에서 재택알바 하실 분"
"평일.주말 집에서 생활비벌기"
"컴퓨터업무 아르바이트(쉬운작업,당일지급)"
"남는시간 활용해요"
"꾸준히 성실하게 일해주실 분 모십니다"
"평일/주말 급여높은부업(주부가능)"
"건설현장 보조(초보) 일자리 구해요~~"
"자유 재택근무 사원 모집"
"컴퓨터업무 아르바이트(주부가능,당일지급)"
"출,퇴근 필요없는 알바 하실분 구합니다(주부가능,급여높음)"
"집에서 생활비벌기 (꾸준히하면 급여상승)"
"컴퓨터업무 아르바이트(주부부업,직장인투잡)"
"평일/주말 아르바이트 모집 "
"남친대행합니다"
"[4]"
"숙노보직추천좀"
"평일/주말 급여높은부업(주부가능)"
"천안. 탕정. 보조. 구합니다"
"집에서 간단히 일할수 있는 최선의 일자리"
"평일/주말 2~3시간"
"노량진 태산고시원에서 주간남자총무 구인합니다"
"출,퇴근 필요없는 알바 하실분 구합니다(주부가능,급여높음)"
"재택부사원모집 공고"
"꾸준히 성실하게 일해주실 분 모십니다"
"여심 사로 잡은 키스장인 남자배우는?"
"[디시人터뷰] BP라니아, 다시 Start a Fire"
"컴퓨터업무 아르바이트 (주부가능,당일지급)"
"한번 방문해 주세요!!!"
"조선소 아르바이트&취업"
"[1]"
"시간제 아르바이트"
"편의점 아르바이트생 ~ 부업 모집해요 "
"집에서 부업으로 생활비벌기 <투잡가능>"
"평일/주말 급여높은부업(주부가능)"
"게임사이트에서 환전용 통.장 구합니다 내용필독"
"출,퇴근 필요없는 알바 하실분 구합니다(주부가능,급여높음)"
"아르바이트 하실분!!!"
"[2]"
"컴퓨터업무 아르바이트(주부가능,당일지급)"
"[2]"
"직장 때려치우고 알바나 할까봐요"
"[2]"
"사원채용공고"
"[2]"
"● 울산중공업 해양플랜트 인원상시모집 ●"
"[2]"
"● 울산중공업 해양플랜트 인원상시모집 ●"
"[2]"
"● 울산중공업 해양플랜트 인원상시모집 ●"
"[2]"
"● 울산중공업 해양플랜트 인원상시모집 ●"
"[2]"
"● 울산중공업 해양플랜트 인원상시모집 ●"
"[2]"
"● 울산중공업 해양플랜트 인원상시모집 ●"
"[2]"
"● 울산중공업 해양플랜트 인원상시모집 ●"
"[2]"
"● 울산중공업 해양플랜트 인원상시모집 ●"
"[2]"
"● 울산중공업 해양플랜트 인원상시모집 ●"
"[2]"
"● 울산중공업 해양플랜트 인원상시모집 ●"
"[2]"
"● 울산중공업 해양플랜트 인원상시모집 ●"
"[2]"
"● 울산중공업 해양플랜트 인원상시모집 ●"
"[2]"
"평일/주말 급여높은 부업(주부가능) "
"[2]"
"☆급여높은 아르바이트(주부가능/당일지급)☆"
"[2]"
"천안 돈벌이괜찬은데없냐"
"[2]"
"형님들 "
"[2]"
"아르바이트 모집"
"[3]"
"여심 사로 잡은 키스장인 남자배우는?"
"[디시人터뷰] BP라니아, 다시 Start a Fire"
"알바그만둘라는데"
"[2]"
"이천 하이니그 덕트 조공 구함"
"[2]"
"의정부 모텔 당번 일하실분 모집 ㅡ 남녀 경력자 환영"
"[2]"
"남.여 아르바이트 모집합니다.(재택근무,부업가능)"
"[2]"
"면접후기, 기업별연봉, 기업근무환경을 정리해놓은곳이네요"
"[2]"
"렉카일자리구함니다"
"면허증있습니다"
"크리스탈 vere-good 작대기,뽕,판매."
"26일 청소알바생 구합니다.(서울)"
"투잡 원한다!!"
"조색사가 뭐하는직업인지 혹시 아시는분 계시나여?"
"2015년 상반기 자바개발자 신입사원 무료채용교육(연봉2600)"
"일자리구합니다"
"시간제 일자리 "
"집에서 일하실분/시간자유"
"금요일만 6개월이상 장기로 아르바이트구합니다.(시급1만)"
"이천 하이닉스 덕트 조공 구함 모집/숙식제공"
"서빙알바 짤렷는데 이유를.모르겟다"
"[1]"
"[경계선 지능] 11편 자립 힘들어요 성인 되면 더 문제"
"[경계선 지능] 1편 일당 3만 원을 받는 이유"
"설연휴기간<마케터신청방법> 집에서 아르바이트 할까 ?!"
"사원모집(단순업무/시간자유/초보,주부가능)"
"짜투리 시간만 이용해도 돈이 되는 알바"
"수원 대역아르바이트 구해요"
"이천 하이닉스 덕트 조공 구함 모집/숙식제공"
"하루2시간 아르바이트 모집"
"즐거운 댓글다는 직장인 단기아르바이트"
"이천 하이닉스 덕트 조공 구함(숙식제공)"
"이천하이닉스/숙식제공/전기해보신분"
"자유롭게"
"여심 사로 잡은 키스장인 남자배우는?"
"[디시人터뷰] BP라니아, 다시 Start a Fire"
"※재택알바로 월 400!!(투잡 가능)※"
"[1]"
"평일/주말 급여 높은 부업"
"확실한 재택근무 / 어렵지만 고수익 / 시간만 주세요"
"[1]"
"투잡정보"
"하루2시간 간단한자료입력알바(초보가능) -당일지급"
"나 재택알바함..함 봐주셈(광고아님)"
"집에서 일하실분/시간자유"
"재택근무) 홍보, 영업사원 모집합니다."
"[1]"
"남녀 당일지급 알바모집"
"부업/아르바이트 모집(시간자유)"
"평일/주말 편한시간 꾸준히 함께 일하실분★"
"피자헤븐이 창업비용을 지원하는 헤븐점 CEO를 모십니다!"
"여잔데 같이"
"JAVA개발자 신입사원 무료채용교육(연봉2600만원)"
"부업,알바하실분(시간자유) "
"꿀알바로 선정된 부업 "
"짱재밌는거!"
"재택부업하실 분 모집"
"목돈마련 (숙식제공) 가능한 선원취업 알선 전문 [바로취업센터]"
"[4]"
"추운겨울 쉽고 간단한 최선의 일자리"
"자바개발자 신입사원 무료채용교육(연봉2600)"
"전기 보조   사람 구합니다."
"서울 고속터미널역 근처 가톨릭대학교 의과대학 보안요원 3명 모집"
"1월에 회원가입하면 15000원~ 1월지나면 없어요~"
"편한 재택근무하시면서 높은급여 받으실분 모집 (초보가능)"
"집에서 일하며 돈버실분모집합니다(시간자유) "
"집에서 일하실분 모십니다"
"일상댓글달면서 일해요 ♪"
"돈벌자쉽게"
"직장인투잡 2~3시간 시간내면되요"
"여심 사로 잡은 키스장인 남자배우는?"
"[디시人터뷰] BP라니아, 다시 Start a Fire"
"한달 4400만원 고수익자 배출한 무시무시한 재택부업사이트 추천드려용!!"
"성실한분 모집합니다.."
"문서분쇄 일  힘드나요?"
"하루2시간 간단한자료입력알바(초보가능)-급여높음"
"▶ 아르바이트 모집 ◀"
"1등 대리운전어플 버튼대리!!!"
"집에서 일하며 돈버실분 모집합니다(시간자유) "
"시간제 일자리"
"집에서 일하며 돈버실분 모집합니다(시간자유) "
"댓글 알바"
"자바개발자 신입사원 무료채용교육(연봉2600만원)"
"믿을수 있는 재택알바 "
"창업의 꿈! 피자헤븐이 도와드립니다!"
"자바개발자 신입사원 무료채용교육(연봉2600만원)"
"시간제약없이 일할 수 있습니다.  재택사원을 모집합니다."
"집에서 일하며 돈버실분 모집합니다(시간자유) "
"★남녀 평일/주말 아르바이트 ★"
"성실히 일해주실 분 모집합니다"
"가전제품분해세척 기술"
"이게 전국적으로 열풍이라구요?"
"직장인 고소득 알바"
"겨울철 알바/부업 최선의 선택"
"주말/평일 집에서부업하실분"
"하루2시간 간단한자료입력알바(초보가능)-당일지급"
"새식구를 찾습니다^^ (시간협의가능 일자리)"
"남는시간 이용하는 착한부업 소개하기"
"원클릭 대리운전어플 버튼대리!!!"
"2015년 상반기 자바개발자 신입사원 무료채용교육(연봉2600)"
"누구나 집에서 고수익을!"
"★GS슈퍼마켓 연봉3000준다는데 괜찮은거임???★"
"[1]"
"여심 사로 잡은 키스장인 남자배우는?"
"[디시人터뷰] BP라니아, 다시 Start a Fire"
"집에서 하는 고수익부업"
"원어민 중국어 번역사/조선족가능 모집［招中文<U+7FFB><U+8BD1>］在<U+7EBF><U+7FFB><U+8BD1><U+7F51>站 <U+7FFB><U+8BD1><U+4E13>家"
"직장인들의 필수 아이템 대리운전어플 버튼대리!!!"
"괜찮은 일자리 정보 "
"추운겨울철 알바찾으시나여?"
"일당 쌘 직업 찾습니다"
"[1]"
"<실력있는 인재, 열정있는 사원을 모집합니다>"
"★추운겨울 내 방에서 일하고 한달 급여 받기- SBS김경란의 비즈인사이드"
"ㅡㅡㅡㅡ구인구직갤 문 닫는다 알바갤로 이동ㄱㄱㅡㅡㅡㅡShuter"
"남는시간 게임안하고 틈틈히 돈벌어요"
"★ 평일/주말 아르바이트 ★"
"평일/주말 집에서 자료입력(하루2-3시간)"
"꾸준히 성실하게 일해주실 분 모십니다"
"★ 추운 겨울, 집에서 돈 벌기!! (재택 알바)★"
"간단한 타이핑 업무. 및 문서 사무 담당자 구합니다. "
"★꾸준히하실분 모집"
"호프집가려면 외모필수냐"
"급 ) 간단한 자료입력(하루2-3시간)"
"야간PC 아르바이트 2~3시간 가능하신분 구해요"
"### 시간제 일자리 ###"
"출퇴근없이 컴퓨터로 돈벌기 - sbs TV에 방송된 부업 모집 "
"간편하게 쉽게 누구나할수있는재택알바!!"
"[애드픽] 누구나 쉽게 용돈 벌 수 있는 무료 리워드 어플"
"아르바이트,투잡,부업 사원 모집!"
"집/회사에서 가능한 재택/부업 하실분 구해요~"
"하루 2-3시간 재택알바"
"★ 초보자도 가능한 재택 알바(집에서 돈 벌기!!) ★"
"★비 오는 오늘도 편하게 집에서 일해요"
"조카튼 방구석알바 왜케많냐?"
"▶ 남녀 당일지급알바 ◀"
"여심 사로 잡은 키스장인 남자배우는?"
"[디시人터뷰] BP라니아, 다시 Start a Fire"
"자료입력알바(주부가능)"
"집에서 부업할 수 있다?"
"사원모집"
"집에서 돈 벌기!~"
"체 용 공 고"
"사원모집"
"주부부업/직장인투잡 66000원의 기적"
"급여가 바로 지급되는 일하실분 모집합니다."
"****평일,주말,부업,투잡,아르바이트 모집 (시간자유)*****"
"알바모집(주부가능)"
"  ★간단하게 집에서 하는 일 ★"
"◆SBS방송에 소개된 유망부업"
"겨울아르바이트정보/ 당일수당지급"
"[주부가능]간단한 자료입력(하루2-3시간)"
"★ 아르바이트 평일알바 주말알바 (당일지급)"
"직원 및 아르바이트 모집"
"생각이 미래를 바꾸는 직업~!!"
"울산현대 검사없이 바로 일할수있다..구한다."
"간단하게 집에서 하는 일"
"멋진인생을 꿈꾸는 쉽고 편한 일"
"아르바이트/사원 모집"
"쉽고 간단한 업무 편안한 최선의 일자리 "
"성실히 일해주실 분 모십니다"
"아르바이트 구함"
"[1]"
"보통 지방직9급 월급이 어느정도라고 생각해?"
"숙소있고 식사제공되는 월 200찍고 경력쌓이면 더버는 경호원 할사람"
"편한시간 집에서 꾸준히 알바하실분(주부가능)"
"알바 정직원 구합니다."
"평일 주말 아르바이트 모집"
"부업 아르바이트2~3시간 가능해요!!"
"여심 사로 잡은 키스장인 남자배우는?"
"[디시人터뷰] BP라니아, 다시 Start a Fire"
"▶이런 분들에게 추천합니다 ◀"
"하루 2시간 근무 (재택,아르바이트)"
"★ 은퇴없는 직장!내가 그만두고 싶을 때 그만둔다.★"
"★ 괜찮은 일자리 정보 ★"
"집에서 하실수 있는 부업 찾으시나요?"
"★주부아르바이트/대학생아르바이트/주부알바(평일.주말)"
"악녀&알바 찾으실때는 주소창에 19kr.kr 치고 엔터~!"
"아르바이트 급구 "
"★주부아르바이트/대학생아르바이트/주부알바(평일.주말)"
"주말/ 평일 아르바이트 (강추알바)"
"재택부업 관심있으신 분들 참고하세요"
"재택부업,아르바이트"
"♡♥단기/장기/주말알바 모집합니다"
"헬로우드림 신어봉 / 집에서 하는 아르바이트 (투잡/부업가능) "
"평일.주말 집에서 하는 알바"
"쉽고 간단한 업무 편안한 최선의 일자리"
"헬로우드림 대세"
"알바 월급에 대해 일할계산 뭐가 맞습니까?"
"[1]"
"사원모집"
"울산 현대중공업 1차협력업체 팀원모집합니다"
"시간자유로운 인터넷부업"
"당일지급 재택아르바이트 모집"
"하루에 1~2시간 38만원지급"
"++재택 알바 소개합니다.++"
"간단한 타이핑업무 . 문서작성하실 성실한 인재 모집합니다."
"★ 괜찮은 일자리 정보 ★"
"하루 2~3시간일하실분(당일수당지급)"
"하루1~3시간 알차게 재택알바 하실분 "
"팀원구함!!"
"일산룸 일산룸비지니스클럽A+A룸에서무조건월천만원이상맞쳐드립니다(여자구인)"
"여심 사로 잡은 키스장인 남자배우는?"
"[디시人터뷰] BP라니아, 다시 Start a Fire"
"마트나 편의전 싸장님들 도움앙망.."
"[1]"
"짜투리 시간 활용으로 생활비 버세요~"
"성실히 일해주실 분 모십니다"
"■■집에서 알바,투잡,부업(직장인,주부,대학생OK)■■ "
"★2014년 하반기 알바 대모집합니다.★"
"마우스로 하는 아르바이트 / 투잡 / 부업"
"마케터 모집 합니다"
"집에서 하는 인터넷부업"
"하루 1~3시간하는 재택근무 소개!!"
"집에서 간단아르바이트"
"단기알바/시급높음"
"팀원 구해요(삼성반도체)"
"좋은정보알려줄게 읽어보기라도해봐"
"평일/주말 하루 2시간 아르바이트[급여+보너스]"
"시급높은 자료입력 알바 "
"성실한 아르바이트생 모집합니다."
"성실히 일해주실 분 모십니다"
"평일/ 주말 아르바이트"
" ■■(당일지급) 평일/주말 자료입력 시간자유■■ "
"　★초기비용없는 재택알바 ★알맹이비즈★ 부업 추천 "
"당일지급 시간선택제 구인구직정보"
"부업,인터넷알바"
"집에서 돈 버세요^^"
"(주) 엠플러스 커뮤니케이션"
"★★초기비용없는 재택알바 알맹이비즈 1일차 후기★★"
"집에서 아르바이트 하세요"
"하루 1~3시간 쉽고 간단한 일자리"
"알바하실분"
"쉽게 할수 있는 부업 정보"
"가족같이 함께 일할 팀원 구합니다.(전기보조)"
