"x"
"여심 사로 잡은 키스장인 남자배우는?"
"[디시人터뷰] BP라니아, 다시 Start a Fire"
"What the f**k is skateboarding?"
"[41]"
"X-GAME 관련 사진과 내용이 있어야 합니다."
"[49]"
"어글런데 시멘트파크 구리지 않음?"
"[4]"
"겨울에 탈땐 무릎이 왤케아프냐"
"[1]"
"연수때매 미국인데"
"[3]"
"여기 bmx 아에 죽었구나"
"[3]"
"오랜만! 발 작은 게이들 매물공유 ㅇㅇ"
"[1]"
"이정도 까지 신으면 신발 하나 살만도 하지않냐"
"[5]"
"대전 트랙 어떠냐??? 주말에"
"[4]"
"보드 테일각이 낮을수록 좋은거냐?"
"[3]"
"180같은거 노컴플라이 먼저 해도 되용?"
"[4]"
"춥다 영상이나 봐라"
"[22]"
"비앰 존나 좆같네"
"[11]"
"일하면서 타는사람들 대단하다"
"[2]"
"새해 첫 영상 // kickflip high challenge"
"[2]"
"춘천 송암 X 게임장"
"[1]"
"새해 첫글은 내꺼"
"트릭 배우는 순서좀.."
"[2]"
"횽들 입대1달 남앗는데"
"[2]"
"락투페이키 팁좀 알려줘"
"[1]"
"알리 체공"
"[3]"
"안산으로 이사간다."
"[4]"
"뉴비면 뉴비답게 인사 크게하고 알려달라고해라 음료수좀 사고"
"[6]"
"알리 자세 알려주세요!!!!!!!!!!"
"[3]"
"보드 입문하면 다들 스팟가서 배움??"
"[3]"
"형들 메뉴얼 팁좀..!"
"[6]"
"런앤건"
"반스슬립온 프린팅해서 신고다니는 넘들 잇냐"
"[2]"
"스켑보드 입문하기 많이 어려움?"
"[2]"
"샤빗 존나어렵네"
"[4]"
"여심 사로 잡은 키스장인 남자배우는?"
"[디시人터뷰] BP라니아, 다시 Start a Fire"
"보더 인스타 추천좀 해주라"
"[4]"
"2016  결산영상"
"[3]"
"코스턴 찡이..."
"[4]"
"횽들 보드 녹제거 어뜨케해?"
"[1]"
"보드타는데 사진모델 해달라더라"
"[5]"
"용산역 스팟 사망"
"[3]"
"요즘 뉴스보면서 느끼는건대"
"[1]"
"횽들 보드타다가 이런 기분인적 있는 사람"
"[5]"
"슈프림이랑 퍼킹어썸이랑 뭔관계야?"
"[3]"
"날씨도 그렇고 슬럼프가 왓군요"
"[1]"
"본즈 레드 구리다"
"[12]"
"주말라인"
"햐 시발 드디어 bs 360 탓네"
"고딩 등하교 보드로 하긴 안좋나요?"
"[8]"
"대전 실내파크생겼어용 놀러와유~"
"[2]"
"BMX 뉴비.. 질문좀.."
"[5]"
"오늘자 50-50"
"[2]"
"트레 앞 발 캐치 연습방법 좀 알려주 (영상첨부)"
"[4]"
"2일째글이없네.."
"[2]"
"오늘은 엔드오버 성공했다!"
"[4]"
"bs 5050 어렵네..."
"[2]"
"보드화 질문"
"[2]"
"민감한 문제인데"
"[2]"
"스켑 초보인데..!질문좀!"
"[5]"
"선생님들 bmx타보고싶은데"
"[3]"
"뉴트릭 - 널리힐 -"
"[6]"
"레드불마시는이유?"
"[2]"
"자기만의 개인 스팟 하나 쯤은 알고 있지 않나?"
"제1회 1592 임진록 대회 개최"
"[1]"
"엑슬너트 헛돌아서 아예 안빠지는데 방법 잇나요"
"[3]"
"여심 사로 잡은 키스장인 남자배우는?"
"[디시人터뷰] BP라니아, 다시 Start a Fire"
"와 춘천파크 리메이크된거 봣냐"
"[4]"
"보드 혼자 사서 혼자 연습하는데ㅠㅠ"
"[3]"
"펀박스 만드럿다"
"[1]"
"형님들 알리 질문점여"
"[4]"
"bmx 책없냐"
"[2]"
"아시발 조까따.."
"[8]"
"안산 스케이터들에게 질문!"
"[9]"
"마치 음악없는 보딩은 앙꼬없는 찐빵같다"
"[1]"
"3달전에 보드샀는데 발목부러져서 오늘이 3일차!"
"[12]"
"보드화 몇켤레씩 보관하냐?"
"[10]"
"펀박스 제작하려는데 비싸다 ㄷㄷ"
"화정멋쟁이형들."
"[5]"
"bmx는 언제쯤 잘탈수있을까"
"행신 타는 사람있니.."
"[2]"
"스팟에 기물 제작해서 놓으려는데 보관도 문제네"
"[1]"
"lo_box 기물 판매 중단햇네 ㅠㅠ"
"[1]"
"10-11월 스케잇 영상"
"[8]"
"휴가 나왔다 ㅎㅎ"
"이거 이상한생각임?"
"[1]"
"LRG 1947의미 아는 형들?"
"씨바 bmx메뉴얼도 앉으니까되네"
"오늘자 스케잇"
"[2]"
"형들아 영상편집을 좀 만지려하는데"
"[4]"
"원스타프로 세일하던데 신어본게이 잇냐"
"[10]"
"넘춥다"
"안녕하세요 행님들 보드 입문해보려 합니다"
"[1]"
"님들 스켑 부품들 어디서삼?"
"[6]"
"그라인드 배우는순서가 어떻게되는거"
"[5]"
"이옷 어디서구하냐"
"[6]"
"abc마트, 팀버샵"
"[1]"
"여심 사로 잡은 키스장인 남자배우는?"
"[디시人터뷰] BP라니아, 다시 Start a Fire"
"bs360 피드백좀 주라"
"[2]"
"비엠.. 연습하는데 빡시다.."
"[2]"
"이거어떻게생각하냐?"
"[3]"
"블랙 프라이데이"
"[1]"
"스케이트 보드 어쩌다 얻었는데 시작 어캐함?"
"[4]"
"일산스팟은 미관광장푼임?"
"[5]"
"디키즈 바지들 입고 어캐탐"
"[9]"
"늅늅인데요 푸쉬오프 연습다하면 어떤거 연습하는게 좋을까요"
"[3]"
"카일워커 ㅅㅂ"
"[12]"
"솔직히 트릭중에 360이 젤 간지 아니냐"
"[2]"
"사람마다 잘 되는 트릭이 있는것같음"
"[3]"
"씨바 bmx메뉴얼 속도붙으니까 잘되는구만"
"[5]"
"안 쓰는 모자가 너무 많아서 정리하려 합니다"
"[2]"
"광고촬영에 출연가능하신 스케이터 있나요?"
"[10]"
"전역하고 싶다."
"망갤을 깨우는 오늘자 그라인드 연습영상 (feat. 천안 스케이터)"
"[1]"
"이갤 망갤됫네"
"[2]"
"스탠다드에 크루저휠 끼면 어떻게 되?"
"[7]"
"오랜만+bmx 질문"
"[1]"
"충남 예산에 bmx 연습장 생긴다는데"
"[1]"
"hd카메라를 살까 vx2100을 살까"
"[2]"
"천안 대회 실황"
"[1]"
"확실히 보드 트렌드가 오나보다"
"[1]"
"허미 시펄"
"[1]"
"bmx 메뉴얼할때 자꾸 뒤로넘어감"
"[4]"
"크루져 파워슬라이드 바퀴 머끼냐?"
"[4]"
"나만 보드 타기 귀찮냐..."
"[5]"
"안녕하세요 오랜만입니다. 직구관련 질문좀 할게요"
"[1]"
"이제 레벨업의계절이네요"
"[4]"
"배송대행 사이트 추천좀"
"[1]"
"여심 사로 잡은 키스장인 남자배우는?"
"[디시人터뷰] BP라니아, 다시 Start a Fire"
"bs 360 존나 어렵네 ㅋㅋ"
"[1]"
"윌리할라고 앞바퀴드는연습하는데"
"[2]"
"바니홉할때 무릎아픈게 정상이냐?"
"싼게 비지떡이라고 이거 별로겟지?"
"[5]"
"샤빗 돌리다가 다침.. 근데 희안함"
"[2]"
"보드화 택포 만오천원에 살 갤럼"
"[5]"
"송상현광장인데 보드타는사람 보인다"
"[1]"
"롱보드 파워슬라이드하는법좀 알려줭 ㅠㅠ"
"[2]"
"서울에 제일 탈만한 미니하프가 어디냐?"
"[2]"
"임진록2+ 조선의 반격 다음까페 추천"
"[1]"
"canal 휠 써본분"
"[1]"
"손바닥 멍 방지 아이템 추천좀"
"[8]"
"외국프로 초청해서 데모쇼할때 좆같았던점."
"[24]"
"확실히 보드는 만이타야는다.. 알리도그렇고"
"[3]"
"컨스 척테일러 프로 신어보신분"
"[1]"
"ㅋㅋㅋ 부상 땜에 스위치로만 타는중"
"예전에 인스타 보다가 보울파크 봤는데 어딘줄 아냐"
"[3]"
"사울스케잍??? 왜 까임??"
"[1]"
"쓰레셔 옷은 좀 피하게 됨"
"[7]"
"비가 애매하게 내리는데 타면 잘미끄러질려나"
"[2]"
"sb 블레이저도 칼발임?"
"[5]"
"카일워커 신어보신분??"
"[1]"
"알리 자세좀 봐줘 형들 "
"[6]"
"신발에 쿠션"
"[2]"
"서울스케잇 근황"
"아이폰 1호 개통"
"[2]"
"제 6회 천안 스케이트보드 미니 대회"
"[4]"
"알리 팝 직후 앞발 미는거야?"
"[6]"
"아이폰 산다고 줄선거 스켑조아 아니냐ㅋㅋㅋㅋㅋㅋㅋㅋㅋㅋㅋ"
"[6]"
"Blind 보드 어때여?"
"[1]"
"여심 사로 잡은 키스장인 남자배우는?"
"[디시人터뷰] BP라니아, 다시 Start a Fire"
"스캡 사이즈 가로 7.5 면 너무 작아??"
"[2]"
"여자롱보더랑 친해져서 따먹은썰"
"[2]"
"포저년 갈긴썰"
"[11]"
"투싸에서 개당 천원짜리 베어링 아직도 파냐??"
"[6]"
"휴.."
"스팟 찾아따"
"[4]"
"스캡 사는데 질문좀 드립니다"
"[3]"
"알리 없이 하는 트릭 추천 받는다"
"[5]"
"보드코리아에 실장님 깍아주세요! 이거 머냐"
"[1]"
"팔라스 덱 ㅁㅌㅊ?"
"신발은 직구보다 국내에서 사는게 싼듯"
"아디다스 신고 타봤는데"
"[4]"
"난 왜 맨날다칠까"
"[5]"
"중고 소프트휠 파는 게이 있나염"
"[2]"
"아디다스 아다뗌"
"[2]"
"아래 BMX 조언구한 사람인데.."
"[5]"
"쓰래셔 티셔츠 국내에서 싸게 파는곳 없냐?"
"[6]"
"발목 전나 안 낫네"
"[1]"
"슬래피"
"[1]"
"스쿠터 타고다니는 액게이있음?"
"알리"
"[4]"
"BMX 입문하는데.. 조언좀.."
"[6]"
"딜런 죽엇당"
"[1]"
"흑흑 f/s 원에리 어렵네여 ㅠ"
"5050할때"
"[5]"
"명동에 보드샵 있냐"
"[2]"
"열흘만에 타는데 종아리 쥐날라고함.."
"[2]"
"헠헠 꿀팁 감사합니다"
"조슬린 무릎 부상당햇엇나"
"[2]"
"오늘도 즐보딩~"
"여심 사로 잡은 키스장인 남자배우는?"
"[디시人터뷰] BP라니아, 다시 Start a Fire"
"흑 그라인드 쉬운기술머잇을까여"
"[6]"
"7.75 하고 8 인치하고 차이 많이 남?"
"[4]"
"배고픔탐고 보드타니깐 무아지경이네여"
"스위치 좆나 재밌다"
"[2]"
"킥플립이랑 트레플립 조언구한다"
"[6]"
"5050이나 알리업"
"[2]"
"횽들~ torey pudwill 한국옴???"
"[1]"
"스케잇 웨어하우스에서 블랭크덱 20달러에 파네"
"비 개빡침ㅋㅋㅋㅋ"
"[2]"
"구미에서 타는사람 있음"
"[1]"
"발목 보호대 잠스트 a1 써본놈 잇음?"
"못탄지 일주일 넘으니까 우울하다"
"풋프린트 깔창좋음?"
"[4]"
"그라인드기술가튼거할때"
"[4]"
"잠실종합운동장에 스팟있냐??"
"[2]"
"부세니츠 슈퍼스타 스탠스미스"
"[2]"
"사회성 부족한 사람한테 스켑 입문 테크트리 추천좀"
"[4]"
"올게 왓네 ㅋㅋㅋ"
"[1]"
"알리할때 뒷발떨어지는거"
"[5]"
"플랫 재밌당"
"[1]"
"겨울에 보딩 하나요?"
"[10]"
"보자타임"
"보드 처음 시작하는 사람 질문입니다"
"[5]"
"원스타랑 원스타 프로랑 뭔 차이냐?"
"[1]"
"BMX 루즈볼 베어링 헤드셋 보고가"
"bmx도 올드스쿨인가"
"bmx 앞바퀴들때 뒷브레이크잡는게맞어??"
"[5]"
"구미에서 타는 분들도 잇나요"
"[1]"
"나사 마모되면 어떻게해야됨???"
"[1]"
"레일 보드슬라이드 처음타보려는데 팁좀주세요 형님들"
"[4]"
"여심 사로 잡은 키스장인 남자배우는?"
"[디시人터뷰] BP라니아, 다시 Start a Fire"
"백 5050 재질문"
"[2]"
"트럭 육각너트질문이요 ㅠㅠㅠ"
"[2]"
"ㅅㅂ ㅈ된듯"
"스캡은 타는 사람은 많은데 대체 어떻게 알고 모임?"
"[3]"
"뭐야 용산 스팟 좆됫네"
"저번에 크루져로 트릭가능하냐고 물엇던사람인데"
"[6]"
"보드 개꿀잼"
"글 읽다보니 알리성애자님 뵈었었네욬ㅋㅋ"
"[2]"
"액슬너트 질문입니다."
"[2]"
"신발 돌려가면서 신는 사람?"
"[4]"
"엑갤형들 보드팔려고 하는데 관심있으면 댓글점"
"형들 에이스 트럭에 본즈부싱 가능??"
"[3]"
"널리나 페이키 할 때 노즈로 팝치는 사람있음?"
"[2]"
"헤비급 발볼러 중에 자노스키 신는 사람 있냐?"
"[6]"
"어제의 보딩"
"[8]"
"원래 테일 팝 나가리나면"
"[2]"
"파크에 궁금한게 있는데..."
"[3]"
"백사이드 5050 팁좀"
"[6]"
"알리팝 칠때 사뿐히가 아니라 빡 인가봐?"
"[1]"
"미듐 컨케이브 데크 추천좀..."
"[1]"
"가장 궁금한 트릭팁이 뭐냐"
"[6]"
"날씨 좋아졌으니 180 종나 연습해야지ㅎㅎㅎ"
"크루져보드로 트릭가능?"
"[7]"
"트릭할때 무게중심이"
"[1]"
"한달째 못타고있어요"
"[1]"
"fs 하프캡 힐플립 팁 좀"
"[2]"
"살기가 싫다"
"[3]"
"bmx에 대해 궁금한점"
"[3]"
"비엠엑스는 신발 ㅁㅓ신나여??"
"[6]"
"보드 산지 2년됐다"
"[2]"
"여심 사로 잡은 키스장인 남자배우는?"
"[디시人터뷰] BP라니아, 다시 Start a Fire"
"Emerica westgate cc"
"[4]"
"본즈 하드코어 부싱 머야 이거 ㅋㅋㅋㅋ"
"[2]"
"bmx 살까고민인데"
"[2]"
"보드 트럭 엑슬 관리 어떻게 함???????"
"[5]"
"데크 새로 사려는데"
"[2]"
"진심 존나 잘타고 싶다"
"[4]"
"이번년도 안에 구사할 트릭 목표"
"[1]"
"하하하"
"[3]"
"스캡타는 여자 특징"
"[2]"
"부싱이 계속 찢어져"
"[4]"
"확실히 몸이 무거우니깐 마음대로 안된다."
"[3]"
"신발끈 헐렁하게 타는 사람잇냐?"
"홍대쪽에서 타시는분들"
"[3]"
"SK8 BOI -2-"
"[1]"
"킥플립이전에 뭘연습하면좋을까요?"
"[6]"
"콘즈 원스타에 대한 고찰"
"[8]"
"실력은 병신이지만 이것저것 장비리뷰"
"[6]"
"여의나루 물 빠졌다는게 사실인가요"
"[2]"
"밑에 bmx질문한 넘인데 자전거 삿읍니다."
"[3]"
"찐따라 사교성이없어서 파크장갈때 못어울린다 씨발꺼"
"[6]"
"일산사는 정태환 부모한테 맨날 욕처먹고 사는놈"
"[2]"
"bmx중고"
"[1]"
"바니홉몇번하니까 무릎씹창날꺼같은데 다리근육 키우는게좋겠지?"
"[1]"
"원스타 프로 가격 싸던데 괜찮음?"
"[2]"
"bmx 검색해봤는데"
"[6]"
"크리쳐 덱 써봤는데"
"[1]"
"알리연습 처음하면"
"[4]"
"형들 손목보호대 추천좀"
"[2]"
"해외샵 스케잇 용품들은 언제쯤 세일함??"
"[2]"
"오랜만에 타니까 서있지도 못하겠다"
"[3]"
"여심 사로 잡은 키스장인 남자배우는?"
"[디시人터뷰] BP라니아, 다시 Start a Fire"
"전주는 어디서 타나여"
"[6]"
"하..현자타임 온다."
"[3]"
"7.875데크에는 129(5.0)트럭입니까 139(5.25)트럭입니까"
"[2]"
"라카이"
"[13]"
"폭 좁은 데크쓰면?"
"[2]"
"발뒤꿈치 아플때 빨리낫는법 아는게이?"
"[4]"
"BMX 타고옴"
"[1]"
"맥데이비드 195r 후기"
"알리가 어려운 이유는 팝 타이밍인거 같음"
"[3]"
"7.5데크 많이 작나?"
"[2]"
"서울보드샵중 일요일 문여는데 아는사람?"
"[2]"
"HABITAT 데크 써본사람"
"[2]"
"릭타 클라우드 휠 지린다"
"[3]"
"여의나루 물빛광장 물 빠졌나염"
"[1]"
"보드타고싶다"
"보드타고싶다"
"보드타고싶다"
"보드타고싶다"
"보드타고싶다"
"보드타고싶다"
"보드 타고 싶다"
"[1]"
"오랜만이다"
"[2]"
"아 씨발 나도 좀 여러명이서 타보고싶다"
"[3]"
"미관에 그라인드벤치 설립한 용자 멜러리횽"
"[7]"
"외국에선 롱보드 타면 게이라는데 ㄹㅇ이야?"
"[9]"
"역시 라이더즈 트릭팁"
"[2]"
"3만원짜리 보드타다가"
"[6]"
"횽들 신었던 보드화 중에 쿠션감이 젤 좋았던거 뭐임?"
"[20]"
"라카이 왔다"
"[6]"
"학교 동아리에 보드동아리있는데 홍보포스터에 크루져보드만 잇다"
"[15]"
"여심 사로 잡은 키스장인 남자배우는?"
"[디시人터뷰] BP라니아, 다시 Start a Fire"
"라카이 한국 철수한거 아니었냐?"
"[4]"
"다들 베어링 뭐씀?"
"[6]"
"라이더즈 트릭팁 이제 못보나요"
"[6]"
"라카이코리아는 뭔데 "
"[1]"
"ㄱ자 철판 구했는데 이거 절단해주는데 따로 있냐?"
"[2]"
"알리 앞발 드는 타이밍"
"[2]"
"그라인드 벤치 장만했다"
"[14]"
"발목보호대 이것저것 알아보고 있는데"
"[3]"
"아디다스 벌크가 뭐야?"
"[7]"
"아디다스 입문 해보려는데"
"[4]"
"7만원짜리 보호구세트는 뭐가 다른거야?"
"[11]"
"와 슈퍼스타 벌크 개가볍다"
"[2]"
"백팩 보러 모닝 여주아울렛 후기"
"[5]"
"반스 포토그래퍼 세션 지원한사람 잇냐"
"[2]"
"슬럼프올때 극복법"
"스트랩형 가방쓰면 가방 허벌창되지않음??"
"[6]"
"난지파크 보드 타기 불편함?"
"[7]"
"인디펜던트 옷 사본 게이 있냐"
"[6]"
"트레꿀잼"
"[5]"
"보드 스트랩할 수 있는 가방은 직구가 답?"
"[8]"
"직구가 싸긴 싸네 ㄷㄷ"
"비와서 40분 가량 연습.."
"inyeong 계신가요 이천분들ㅎㅎ"
"개뿌듯"
"[4]"
"아 다들 잘 지내고 있나"
"[2]"
"보라매 밤에 불켜주나요?"
"SK8 BOI -1-"
"[6]"
"트럭바꾸고싶당 ㅎㅎ"
"[4]"
"이정도면 덱 바꿔야하나"
"[1]"
"스케잇웨어하우스 페이팔은 받음?"
"[3]"
"여심 사로 잡은 키스장인 남자배우는?"
"[디시人터뷰] BP라니아, 다시 Start a Fire"
"다들 어디서 탐?"
"[12]"
"서울에 밤에 불켜주는 스팟 어디어디 있냐?"
"[2]"
"택틱스 할인한다"
"[1]"
"날씨 시원하네"
"[1]"
"스테레오 어때?!"
"[3]"
"보드 3일차"
"[2]"
"답답해지기 시작"
"[8]"
"혹시 전주에서 타는사람 잇냐"
"[5]"
"알리 앞발밀기 질문"
"[2]"
"주행알리 처음연습할때"
"[5]"
"5년만에 다시하려는데 라카이 사이즈 좀"
"[5]"
"형들 글로브 컴플릿어때?"
"[1]"
"조카가 보드 사려는데 사이즈는 어떻게 해야함?"
"[5]"
"직구할 때 한번에 많이 사는게 이득인가?"
"[3]"
"많이 다쳐본 형들 질문좀"
"[3]"
"이거 어떰??"
"[1]"
"칸케이브 낮은 데크 추천좀"
"[6]"
"토이머신 내구도 약하네"
"[1]"
"스팟에 박스 갔다 놓으려고 하는데 "
"[8]"
"택틱스 할인한다"
"[2]"
"추석때"
"님들은 신발 오디서 사요"
"[2]"
"자노스키에 관한 고찰"
"[6]"
"노즈 테일 질문"
"[1]"
"유학생ㅎㄴ"
"[1]"
"횽들 피봇컵도 따로 파나요?"
"[5]"
"언노운보드vs 중고 아버보드 롱보드"
"[2]"
"니들 휠 크기 얼마짜리쓰냐?"
"[5]"
"어제 오전에 주문한 자노스키가 오늘 도착. 공홈 엄청빠르네"
"[9]"
"23일만지나면"
"[3]"
"여심 사로 잡은 키스장인 남자배우는?"
"[디시人터뷰] BP라니아, 다시 Start a Fire"
"알리팁점여ㅜ"
"[2]"
"로고그리실줄 아시는분"
"bs블런트 할떄 팁있나요 "
"태권도 보고 느낀건데.."
"[1]"
"나이키 공홈에서 루나 자노스키 개이득"
"하 씨발 존나 안타지네"
"[1]"
"3년만에 들어왔는데..."
"[4]"
"서울에서 웃통벗고타는애들은"
"[2]"
"전북 군산 전주 bmx 같이 탈사람."
"니아자 휴스턴 얘는 뭔데"
"[4]"
"이천온다던 사람은"
"[2]"
"오늘의 연습"
"양말 두껍고 긴양말 신는 횽들 어디꺼 마니신음?"
"[7]"
"롱보드"
"[6]"
"여기가 충혼탑에서 스케이트보드타는곳인가요?"
"[6]"
"보드는 겨울 봄 가을 스포츠 인듯 ㅋㅋㅋ"
"[7]"
"뉴트릭~~"
"[6]"
"미국엔 수영장 파크 있잖아"
"[5]"
"스케이트웨어하우스 빡친다"
"[7]"
"요즘엔 걔안옴?"
"[4]"
"페이키 알리 질문"
"와 투사 사장님 친절하시네 ㅋㅋ"
"보드 배송온거 받았는데"
"[4]"
"목표 생겻다"
"[8]"
"반바지입고 어떻게 타냐"
"[15]"
"기물 제작 하고 싶다"
"보드 언제연습하냐 초보인데 쪽팔려서"
"[4]"
"기분 넘나 좋은것"
"[4]"
"보드코리아에 걸덱 5만원에 팔던데..."
"[1]"
"라이더즈 꽃뎈 주문했다!"
"[5]"
"여심 사로 잡은 키스장인 남자배우는?"
"[디시人터뷰] BP라니아, 다시 Start a Fire"
"파워슬라이드 아스팔트에서도 되는거 맞냐?"
"[2]"
"확실히 하나만 파니까 더 잘 타지네"
"ㅇㅇ"
"같은 거리를 이동하는데"
"[3]"
"여의도 근처에 밤에 탈만 한 곳 있음??"
"이상하게 엑겜겔만 오면"
"더우니까 못해먹겠네"
"[2]"
"가오 존나잡고있는데 방구마려우면 어떡하냐"
"[1]"
"보통 데크 수명 얼마나 감?"
"[4]"
"라이더즈 체리블로섬 컴플릿 말이야"
"[4]"
"내가 콘스 신는다"
"[5]"
"콘스 원스타프로 신는 게이있음??"
"[2]"
"제자리 알리충인데 괜히 밖에 나온것같다"
"[1]"
"장애물 알리 할때"
"[1]"
"스케이트보드 부품 어디서 사냐?"
"[3]"
"형들 크루져타다가 이번에 스캡입문하려고해 !!!!"
"[7]"
"유투브 보니깐..."
"[4]"
"에어컨 나오는 실내파크"
"[3]"
"컬트옴"
"힐플립 한번만 봐줘 형들 뒷발"
"[4]"
"난 올림픽 찬성임"
"[2]"
"음료수 추천 받는다"
"[4]"
"알리 점프타이밍 도저히 안잡히네..."
"[16]"
"형들 긴바지입고타?"
"[4]"
"근데 올림픽 되면 중계는 누가할거같냐??"
"[3]"
"올림픽 전부터 순위 경쟁의 문제가 아니지"
"[1]"
"스케이트보드 올림픽종목화에 대해 어떻게 생각하냐"
"[19]"
"형님들 밑창 튼튼한 신발 추천좀"
"[6]"
"날씨 진짜 지옥"
"[3]"
"스케이트보드 올림픽 종목 정식 채택"
"[8]"
"여심 사로 잡은 키스장인 남자배우는?"
"[디시人터뷰] BP라니아, 다시 Start a Fire"
"알리 할때 손동작"
"[3]"
"보드 6개월타면"
"[10]"
"어라라 설스"
"[7]"
"경기도 이천 로컬스테이터 갤에 있으신가요"
"[4]"
"라이져 패드"
"[3]"
"트릭익힐 때 본인 취향 조사"
"[10]"
"알리 앞발밀기가 잘안되더라도 주행으로 조그만거 넘기부터하는게 개념?"
"[2]"
"전동보드 재밌다"
"[1]"
"지금 날씨에 보드 타면"
"[4]"
"입문으로 중고사려고하는데.."
"[1]"
"스케이트 입문하려고 하는데 뭐부터 해야함?"
"[3]"
"오 시발"
"[5]"
"스위치 재밌넹 ㅋㅋ"
"트레 할 때 앞발 뻗어주면 랜딩 더 잘 되는 이유가 뭐임??"
"[3]"
"뒤쪽 트럭에서 뭔가 소리가 나는거 같은데..;;"
"[2]"
"롱보드 다운힐 사고 영상보니까 넘 무섭네요"
"보드타는 늅늅이인데"
"해그늘파크 비 쏟아져도 탈 수 있냐??"
"[3]"
"형들 보드타고 세탁 맨날함?"
"[5]"
"형들 카메라 뭐써"
"[5]"
"야 낮엔 못 타겟네"
"[1]"
"베이커 덱 파는 샵 어디 없을까"
"[4]"
"스티커를 붙이는 이유가 뭐야?"
"[4]"
"왜 웃통 벗고 타는지 알겠다ㅋㅋㅋㅋㅋ"
"[5]"
"요즘 너무 즐겁다"
"[12]"
"알리 슬로모션 학습과 오늘의 깨달음"
"[4]"
"릭타 친구야 하나만 더 물어 볼게"
"[6]"
"저번주 뚝섬파크에서 구경했는데"
"[1]"
"(뻘글주의)더버뒤지것네..;;"
"[7]"
"최근 엑스포에서 얻은 스티커"
"[1]"
"여심 사로 잡은 키스장인 남자배우는?"
"[디시人터뷰] BP라니아, 다시 Start a Fire"
"랜디야츠스켑"
"오늘자 스케잇"
"[3]"
"오랜만에 재밌는 알리 연습"
"되게 오랜만에 타도 진짜 몸이 보드를 기억하네 ㅋㅋ"
"[2]"
"기물 찾음"
"[5]"
"보드타는분들 알리로 데크3장넘는데 얼마나걸림??"
"[4]"
"휴우가"
"[3]"
"그냥 알리연습.."
"릭타 클라우즈 휠 쓰는 친구야"
"[1]"
"새로산 기물 도난당함"
"[10]"
"오늘 알리"
"[5]"
"소프트휠 팔 사람?"
"[1]"
"아디다스 신어본 소감"
"[7]"
"비그치고 다시 알리"
"[7]"
"데크가 휘면 아무리 알리를 제대로해도 다른곳으로 튐?"
"[2]"
"스턴트비 미니크루져 있는데."
"[3]"
"애들아 벰엑 포크 컷팅 잘못해가지고 스템 절반 좀 넘게"
"소프트 휠"
"[5]"
"틈틈히 찍은 동영상"
"[6]"
"아디다스 매치코트 신어 본 사람??"
"오늘 일산"
"[4]"
"요즘 예보 참 안맞네"
"스케잇보드 삿다"
"[10]"
"롱보드, 크루져 보드 있으면 뭐하누.."
"[4]"
"덱이 갈려서 조립으로 맞출려고 하는데"
"[9]"
"레일이 사망했다"
"[1]"
"이렇게 더운날 보드를 어케타;; 개덥네"
"[1]"
"스케이트보드 입문"
"[1]"
"일단 보드는 샀는데.."
"주행알리 연습"
"[5]"
"여심 사로 잡은 키스장인 남자배우는?"
"[디시人터뷰] BP라니아, 다시 Start a Fire"
"오늘자 알리 연습"
"[4]"
"휠이 안빠져...."
"[1]"
"머리기르고 수염기르고 타고 싶음"
"형님들 긴바지 입고 타면 무릅 안 올라 가지 않나여?"
"[3]"
"형들 보드탈때 노래들으면서 타면 이어폰 고장안남?"
"[11]"
"광화문 의견"
"[13]"
"슈구 색깔 정보.info"
"[2]"
"슈구 말이야"
"[4]"
"문제의 광화문글"
"[16]"
"스케이트보드 트릭하고 키스.avi"
"[2]"
"어깨 돌아가는거 어케 고치는거임?"
"[1]"
"덱 삿당!!!"
"[2]"
"님덜아 어떤보드를 타도 경사좀 있는 내리막은위험?"
"[9]"
"아랫글에 알리 어깨 돌아간다는거 보고 질문"
"[4]"
"아이폰 트루스케이터 게임 지금 무료임"
"니들 프로보더들은 어떻게 아냐"
"[8]"
"형들 바지 뭐입어요??"
"[9]"
"롱보더 보빨러"
"[2]"
"갓 결혼한 여자를 뭐라고하는지 아냐"
"[4]"
"뉴비인데 보드 잘 아는 형님들 추천 좀 ㅠ"
"[5]"
"하프파이프 혼자연습"
"[3]"
"요즘일산"
"[7]"
"비 안온다더니 목요일까지 비라니ㅜㅜㅜ"
"이메리카"
"[4]"
"처음으로 2장 넘었습니다!"
"[2]"
"더질글)섹터9 스위프티 어떻게 생각하세요?"
"[5]"
"베어링 세척 질문"
"[6]"
"[유튜브] 알리 높이뛰기 연습"
"[4]"
"아 롱게이 동호회장인데 전나짱난다"
"[12]"
"스핏파이어 휠중에"
"[3]"
"여심 사로 잡은 키스장인 남자배우는?"
"[디시人터뷰] BP라니아, 다시 Start a Fire"
"주행용 크루져보드 뭐 괜찮은거 있나요?"
"[10]"
"덱이 살짝 휘었으면 덱만 따로 사다가 조립???"
"[7]"
"토요일 비라니..."
"[1]"
"파크에서 스승님과 함께 연습"
"[4]"
"님들아 트릭용 스탠다드 보드 하나 살라하는데 추천좀"
"[4]"
"여의도 공원 스팟 몇 시까지 불켜준냐?"
"[4]"
"데크 사이즈"
"[5]"
"성격 급한사람들은 직구하면 안될듯"
"[4]"
"알리평가가 유행인가"
"[4]"
"주행 알리 두려움 어떻게 극복함?"
"[9]"
"보드화 추천좀..."
"[7]"
"bmx 파크장갔는데 다들너무잘해서 끼질못함"
"[3]"
"형님들 데크 바꿔야하나요"
"[3]"
"오늘자 알리 연습"
"[4]"
"날씨넘좋다"
"최근에 핑거보드 카페 가입했는데"
"[4]"
"군산에 스케이트보드 타는사람"
"으앙 복커다"
"[2]"
"이정도면 베어링 세척해야되냐??"
"[5]"
"와 파크 꿀잼이네"
"오늘자 뉴비일지"
"[1]"
"롱보드 사러가는데 추천좀"
"[3]"
"에트니스 어떤 모델 많이 신어요?"
"[3]"
"수원 만석공원"
"보드 혼자 타는것도 너무너무 재밌는데..."
"[4]"
"조만간 의정부 갈거같은데 !"
"[5]"
"앙 수료띠"
"[5]"
"비 안 와서 나왔는데"
"[1]"
"신림쪽은 주로 보드 어디서 탐?"
"[1]"
"보드 선수들 올드스쿨 뉴스쿨 구분하는거"
"[4]"
"여심 사로 잡은 키스장인 남자배우는?"
"[디시人터뷰] BP라니아, 다시 Start a Fire"
"은평구사는사람 있나"
"[14]"
"오늘 출시한다는 deathgripVX"
"[4]"
"라이더즈형님 발들어올리는것을 연습했사옵니다."
"[3]"
"박준형 스케이트 보드 조상님이었네"
"[6]"
"보드탄지 약 3주.. 살이 4키로 이상 빠졌땅.."
"한달만에 보드 연습ㅋㅋㅋ"
"[4]"
"이거 무슨트릭이냐"
"[9]"
"파크의 무법자들"
"[1]"
"내가 하고 싶은 알리"
"[2]"
"은둔형 알리충들 달려요@@@@@"
"[1]"
"와 씨 젖같네 ㅋㅋ"
"[7]"
"새신발 와서 기분 존나 좋았는데"
"[4]"
"알리 평가좀.."
"[8]"
"아이고 허벅지야"
"일요일 뉴트릭 투척!"
"[4]"
"ah 보드 존나 재밋게 잘타고싶다"
"[4]"
"반스깔창 넘 좋은것같음"
"[5]"
"간지난다...아 간지난다."
"[1]"
"알리 피드백좀 해주십쇼 (영상있음)"
"[8]"
"샤빗을 할땐 어떤 근육을 써??"
"[3]"
"보드 쌩입문 질문 두개"
"[2]"
"라이더즈형님 가르침 감사합니다ㅋㅋ"
"[2]"
"안녕형들. 스케이트보드 왁스는 어디에 쓰는거야??"
"[12]"
"와시발 국방의 의무중인데 bmx존나 타고싶다"
"[3]"
"션말토 크게 다쳤었구나"
"[1]"
"여즘 크루징할때 젤빡치는거"
"크루져로 할수잇믄기술?"
"[6]"
"반스 시그니쳐 라인은 어디서 사야되냐?"
"[2]"
"컬트 첨 갔는데"
"[1]"
"페니27 타는데  어제 뒤질뻔"
"[2]"
"여심 사로 잡은 키스장인 남자배우는?"
"[디시人터뷰] BP라니아, 다시 Start a Fire"
"다른동네 스팟에도 이런 암덩이들 있나?"
"[6]"
"스케잇보딩이 대중화가 되든 어떻든 씬에 대해서는 알아줬으면 좋겠어"
"[16]"
"피로드는 축구계에 네드베드 같은 존재인가?"
"[6]"
"님들 bmx 바퀴터졌을때 어캄?"
"[2]"
"어깨 탈골된거 같음"
"[5]"
"제자리힐플립 탔다! 근데 한가지 더 질문좀..! "
"[2]"
"근데 뚝섬에서 그 떼거지로 몰려와서 강습?하는애들 뭐냐"
"[4]"
"허벅지 찢어질거 같음..."
"[1]"
"디키즈874 기장줄여입는거임?"
"[8]"
"이건 무슨트릭임??"
"[4]"
"죽전파크 언제부터탈수있데?"
"[1]"
"2주 안타다가 타니깐 허벅지 쪼인다"
"힐플립 한번만 봐줘 형들"
"[7]"
"예수형 토이머신 양말"
"[4]"
"테일에 고무 끼우는거 이름 뭔지 아시는분"
"[4]"
"동영상"
"[3]"
"슬래피 할줄아는사람 팁좀"
"[3]"
"여기 xgame 겔이 아니라 스켑겔로 바꿔야 할듯.."
"[1]"
"보드타다보면 신발 밑창도 자주 뚫림??"
"[8]"
"레이저플립 팁좀줘..."
"[8]"
"트릭할때 어깨가 자꾸 열리는데 각자 닫는 방법 얘기해줘!"
"[5]"
"[유튜브] 알리 멀리뛰기 연습"
"[7]"
"옛날에 바니홉 매뉴얼 어떻게 하냐고 물어보다가 욕 먹은 사람인데"
"올드스쿨프로 후기"
"[2]"
"왜 한국보드씬에서는 오래탔다고 꼰대질이냐"
"[5]"
"알리 할때"
"[1]"
"이제 일주일이면 시험끝이다ㅋㅋㅋㅋ"
"형들 shuvit 덱 어떤가요"
"알리 할때"
"[1]"
"트럭이나 덱 파는 횽 있음?"
"[4]"
"여심 사로 잡은 키스장인 남자배우는?"
"[디시人터뷰] BP라니아, 다시 Start a Fire"
"어제 부산놀러와서"
"[1]"
"제자리 알리 영상 찍어봤어요"
"[3]"
"일본애들 존나 잘타네...."
"[1]"
"오늘자 뉴비 보드일지"
"[12]"
"집앞 공원에서 인라인타는데 보더 너무 무섭더라"
"[11]"
"스팟 발굴햇당"
"[1]"
"엑게이들아 고마워 이제 360 된다"
"[1]"
"여의도 공원 스팟 평일에 사람 많음?"
"미세먼지 어떡해?"
"[4]"
"알리 자세좀 봐주세요 형님들"
"[4]"
"최근 덱 3개 뿌셨는데.. "
"[3]"
"협회? 연맹? 위원회?"
"[4]"
"선유도 근처에 스팟 물색중..."
"[2]"
"스캡위원회 항간에는 돈때문에 인라인협회 소속으로 굽히고 가는거라는 얘기가"
"[1]"
"30중반아잽니다."
"[2]"
"스케이트보드 위원회 데일리그라인드가 맡아서 정말 다행이다"
"[6]"
"좐힐 성님의 3피트 킥플립과 4피트 알리"
"[2]"
"중간질문) 오늘 처음으로 보드를 조립해봤어요."
"[7]"
"내일 천안 갑니다."
"왜 나중에 트럭 루즈하게 타는지 알겠다"
"[2]"
"헤헤 보드1일차"
"[4]"
"손편지"
"[6]"
"5050 백사이드.180아웃 할줄 아는분"
"[1]"
"데크 또 뿌러먹음 ㅡㅡ"
"[2]"
"23만원 주고 커스텀 맞춤"
"[5]"
"데크길이"
"[2]"
"스켑 유료강습도 하네 (금수저만 클릭)"
"[10]"
"20살인데 지금부터 bmx타면 늦음??"
"[7]"
"보드 커스텀 견적 봐주셈.jpg"
"[4]"
"킥플립 문제점"
"[3]"
"여심 사로 잡은 키스장인 남자배우는?"
"[디시人터뷰] BP라니아, 다시 Start a Fire"
"(개솔주의) 팝 쎄지는방법 알아냄"
"[5]"
"프리미티브는 어때?"
"[4]"
"죽전파크 연장"
"[4]"
"데크 트럭 휠 마다의 차이가 정말 느껴져?"
"[6]"
"흐미 보드 물가 더럽게 많이 올랏네 ㅠㅠ"
"[2]"
"hype 덱 쓸만하냐? 띠브 트럭은 ?"
"[4]"
"알리는 진짜 끝이 없는것 같음"
"[7]"
"이태원에서 보드타는데 더워 ㄷ질것같다"
"[2]"
"형들 다크스타 컴플릿 보드 어때요??"
"[4]"
"천안 출격"
"[4]"
"보드화가 보드타는데 상관관계가있나"
"[9]"
"간만에 영상"
"[4]"
"지하주차장 엄청 좋네요. 신세계를 봤음"
"[3]"
"롱보드 점검중인데 이부분 없어도 괜찮?"
"[4]"
"여의도나 그 근처에 스팟 물색중 추천좀"
"[2]"
"부싱 사옴"
"[2]"
"요즘 보드 샵 어디가 유명하냐"
"[6]"
"부싱 찢어진거 좀 봐줘"
"[5]"
"전주보드타시는분들"
"[2]"
"죽전 파크 리뉴얼 된거"
"[1]"
"정치관련된 짤같은거좀 쓰지마라"
"왐마 산지 얼마나 됐다고 부싱이 찡그러져 있지"
"[9]"
"예술회관에서 보드타시는 분들 많나요???"
"[4]"
"요기있는 보드들은 어떰?"
"[3]"
"중고로 10미만인거 추천좀"
"[2]"
"로우고 타다가 하이신고 타면 잘타짐?"
"[1]"
"밤사이 어제 댓글에 대해 되게 많은 생각을 했음"
"[6]"
"기본기 무시하는사람은"
"페이키 개념 탑재 좀..."
"[6]"
"트레 연습, 비교 영상 16/04/08 -> 16/06/01"
"[7]"
"여심 사로 잡은 키스장인 남자배우는?"
"[디시人터뷰] BP라니아, 다시 Start a Fire"
"정확히 천안 스팟이 어디인가요"
"[4]"
"구미에서 타는사람 있음?"
"[4]"
"이거 육사 트럭+휠 맞지?"
"[6]"
"흐어ㅓㅓ 알리 뒷발"
"[4]"
"아까 글에 질문을 하나 놓쳐서 하나 더....."
"[6]"
"엑겔 형들 하나만 물어볼래요"
"[45]"
"유튭 보는 사람?"
"[3]"
"알리 앞으로 뛰는거 어떻게 하는거야?"
"[1]"
"보드 입문자용 알리 꿀팁dream"
"[6]"
"비엠엑스에 로망은  스트릿라이딩 아니노?"
"[1]"
"매뉴얼이 왜 매뉴얼인지 아는사람?"
"[10]"
"여기 원래 글이 이렇게 없나?"
"[1]"
"인디말고 트럭 추천좀 "
"[6]"
"양산 덕계 타는 사람 혹시 있음?"
"형들 보드 보통 몇시간탐"
"[1]"
"노원구에서 보드타는 사람있냐"
"[1]"
"만화그리던형"
"폴딩타이어 어떰?"
"[1]"
"더움"
"[3]"
"일기글 싸지르는 초보늅늅 특징"
"[4]"
"신발에 vulc 라고 되있음"
"[1]"
"어제 대전 샘머리 갔었는데"
"[3]"
"트럭 추천 좀"
"[7]"
"와시발 형들나 자대배치나옴"
"[5]"
"27인치 크루져보드로 할 수 있는 트릭이 어떤게 있나욥"
"[5]"
"서울 이사왔는데 탈만한 장소 추천좀영"
"[5]"
"보드 입문 일주일인데 질문 좀 ㅠ"
"[2]"
"촌놈이 컬트가서 한번 타보려는데.."
"[5]"
"라이더즈 형 연락 어떻게 하지?"
"[3]"
"형들 매뉴얼 팁좀"
"여심 사로 잡은 키스장인 남자배우는?"
"[디시人터뷰] BP라니아, 다시 Start a Fire"
"스팟 보수 해본 게이 있음??"
"[2]"
"혹시 보드 팔 형있어여?"
"스케이트보드 입문하려는데여"
"[3]"
"주사위 던짐"
"[6]"
"디씨 슈즈 tx se 무슨약자임?"
"[3]"
"5월 20일 연습."
"[6]"
"360알리"
"보드 구입"
"[3]"
"형들 트릭 연습 순서 추천좀"
"[3]"
"장애인.. 샤빗..."
"[2]"
"이보드로 스탠다드기술할수잇나?"
"[1]"
"5월 19일 연습"
"[3]"
"밑에 두시간타고 뿌러졌다는데"
"[3]"
"올드스쿨 프로라인 신어보신분?"
"[2]"
"새덱 사서 2시간만에 부셔졌는데.."
"[5]"
"피벗이랑 살라드랑 차이점이 머냐"
"[2]"
"5월 17일 연습. 자세 좀 봐주세요."
"[6]"
"형들 하드휠이 트릭하는데 더 좋은 이유가 머임"
"[5]"
"스케이트보드 올림픽 종목되면 ㅋㅋ"
"[3]"
"제이 아담스 알지?"
"[2]"
"보드화 다들 어디서 많이삼?"
"[14]"
"양키 코쟁이들이 우리나라 애들보다 잘타는 이유가 머라고 생각하냐?"
"[17]"
"제이슨팍 모르는 사람 더러 있나보내"
"[8]"
"보드 판매글 -  싸게싸게 처분함"
"대략 1년 전쯤 엑겔에 보드 쿨 처분"
"[4]"
"해냈다 시파"
"[3]"
"영상보면.."
"[2]"
"형들은 이상이씨 어떻게 생각해?"
"[15]"
"bmx 180 이거 바니홉 어느정도 뛰어야 할만하냐...?"
"[3]"
"샤빗할때"
"[5]"
"여심 사로 잡은 키스장인 남자배우는?"
"[디시人터뷰] BP라니아, 다시 Start a Fire"
"보드 입문하려고하는데 추천좀해주실래요ㅜㅜ"
"[4]"
"보고 신경쓸거 팁좀줘"
"[5]"
"롱보드 추천좀요"
"[3]"
"시팔 부산은 존나 열악하다고"
"[13]"
"데크인증"
"[5]"
"요즘 국내 프로스케이터들은 왜이리 프로같지가 않냐"
"[17]"
"[유튜브] 프론트 사이드 180 5일차(마지막)"
"[1]"
"횽들 베어링 몇달주기로 교체함?"
"[12]"
"페이키 원에리랑 하프캡이랑은 뭔 차임?"
"[3]"
"바닥 고무재질로 되서 푸시오프하면 속도 안나는 파크"
"[5]"
"서울대입구역 근처에 보드 탈 만한 곳 좀"
"[3]"
"보드탄지 1년됬는데 아직2장도 못넘는다."
"[4]"
"오늘자 풀캡연습"
"[5]"
"bmx 잘 설명해놓은 글같은거 있나요"
"[1]"
"나도 큰 도시에 살고싶다ㅜㅜ"
"[1]"
"킥플립 앞발의 변화"
"[1]"
"간만에 영상투척"
"[4]"
"여의도 왔는데 보드가 다 롱보드냐?"
"[3]"
"본즈하드부싱 파는 곳 중에 피봇컵 파는 사이트가 없음.."
"[5]"
"모노파틴도 많이 팔아줘라"
"[1]"
"로컬샵에서 사든, 해외직구를 하든, 데크를 만들어쓰든 뭔상관이야"
"[8]"
"보드 6개월차 뉴비 보드화후기"
"[4]"
"직수하면 자영업자들 다 죽는거 알면서 로컬샵을 외면하나"
"[8]"
"뒷북인데 로컬샵이 정말 유지하기 힘들다."
"[6]"
"보드 친구 없었는데 친구 꼬셨어요 ㅋㅋㅋ"
"[1]"
"형들 발목보호대 많이 사용해?"
"[1]"
"솔까 로컬샵을 팔아줘야지 아쉬울때 가서 부품같은거 바로사지"
"[5]"
"보드 베어링 바깥쪽이랑 안쪽 다른 거 껴도 상관없나요?"
"[1]"
"해외오더"
"[6]"
"그 그 집에서도 보드 탈 수 있게 만든거 이름이뭐임!"
"[5]"
"여심 사로 잡은 키스장인 남자배우는?"
"[디시人터뷰] BP라니아, 다시 Start a Fire"
"트레 질문 받아라"
"[8]"
"스켑타다 롱보드도 샀는데"
"[1]"
"롱보드 축제갔다옴"
"[4]"
"오늘 날씨 미쳣다"
"[1]"
"인디 트럭질문"
"[1]"
"아는 동생이 크루저 입문한다는데 뭐 추천해줘야 하냐?"
"[7]"
"불토네요"
"[1]"
"알리가 안되는데 자세 좀 봐주세요"
"[4]"
"알리 뒷발 붙는거 질문좀..!"
"[11]"
"마이리틀 윤도현도 그래 충분히 살릴수있었을텐데"
"[3]"
"왜싸우는거얌"
"[2]"
"지랄병하네 소비자가 장사꾼사정까지 생각해줘야하냐"
"[1]"
"존나답답해서 씀"
"[22]"
"보드는 솔까 로컬샵에서 살 메리트가없지않나"
"[2]"
"애뮈 뒤진새퀴들이 직구하던말던 뭔 훈장질이냨ㅋㅋㅋ"
"[9]"
"팝샤빗 할때"
"[1]"
"알리할때 무게중심"
"[2]"
"보라매공원  xgame장 말인데"
"[1]"
"폴라바지살사람?"
"[1]"
"왜 오래된 스케이터들이 해외직구놔두고 로컬샵에서 사는지 아냐"
"[26]"
"시작하는데 뭘그렇게 간을보냐"
"[1]"
"그냥 그럼 집 가까이 있는샵 아무데나 가서 사면 되는거죠?"
"[10]"
"밥이 넘어가질 않습니다 (입문) (초보)"
"[20]"
"보드 처음 샀는데 어렵네요 ㅠㅠ"
"알리 뒷발이랑 킥플립 피드백좀 해주세요 형들 ㅜㅜ"
"[10]"
"보드 일상 만화 1"
"[14]"
"백딸이 불여일떡. 인라인 구입처좀 알려주라"
"[2]"
"이런장소 정식명칭이 뭐야??????"
"[9]"
"스캡 이 트럭 어떰?"
"[7]"
"인라인 사실분 계신가요.."
"[2]"
"여심 사로 잡은 키스장인 남자배우는?"
"[디시人터뷰] BP라니아, 다시 Start a Fire"
"뉴 덱! 그리고 스티커 취향"
"[21]"
"질문이 너무성의없던거같아서 다시질문함 (어글 인라인)"
"[23]"
"운수 나쁜 날"
"왕십리에서 타는데 제지먹었음"
"[4]"
"웰컴 데크 타본사람"
"엑갤망했네"
"지속광 led 저렴하고 가성비 좋은거 추천좀 ㅎ"
"[1]"
"알리할때~"
"[6]"
"스켑 처음사는 사람이 오프라인에서 커스텀으로 맞추면 얼마 정도 들까?"
"[4]"
"앤드오버(워크)는 하는데 킥턴을 못하면 ㅄ이냐?"
"딩기샀습니다."
"[2]"
"헬퓨바이 써본형?"
"[2]"
"전동보드 사고 싶다"
"미세먼지 ㅅㅂ ㅠㅠ"
"[2]"
"브렉끼마운트 달린 포크 살 형 있음??"
"알리 할때요~"
"[2]"
"이제 데크없넹 ㅠㅠ"
"[1]"
"30 아재인데요"
"[3]"
"보드타지마라"
"[4]"
"후 빨리 새덱 사야겟다"
"직구했습니다만 잘 산건지 잘 모르겠네요"
"[7]"
"말고기 회 먹음"
"[2]"
"제주도 세번째 오는데 볼 것도 없고 좆같네"
"[5]"
"알리 너무 어려워요"
"[7]"
"Yb 방송ㅋㅋㅋㅋㅋㅋㅋㅋ"
"[4]"
"보드로 기물 다운할때"
"[3]"
"이것도 찍싸는건가"
"[5]"
"모노파틴 컴플릿을 어디서 찾나요?"
"[3]"
"롱보드ㅅ ㅣ팔렺아"
"펜션갈바에야 호텔이 나은듯"
"[2]"
"여심 사로 잡은 키스장인 남자배우는?"
"[디시人터뷰] BP라니아, 다시 Start a Fire"
"형들"
"[1]"
"미쳤네 1박에 18만원짜리 호텔인데"
"[3]"
"보드정비하는거질문좀"
"[6]"
"BMX 바"
"[1]"
"띠용-"
"[2]"
"모노파틴 후기"
"[4]"
"한강파크에서 타기 무서움"
"[1]"
"n일차 글 특징"
"[2]"
"티툴도 규격있냐"
"[3]"
"알리할때"
"[4]"
"ㅋㅋ"
"[1]"
"스케이트 보드 3일차"
"[2]"
"잘 타지는 날"
"[3]"
"보드타다가 강에 빠졌는데 어케해야돼요"
"[5]"
"글로브 스켓 괜찮나요"
"[2]"
"근데.롱보드로 트릭히는게 뭐가 문제냐"
"[6]"
"윤도현방"
"[10]"
"오늘 마리텔 방송에 윤도현 보드 얘기함"
"[2]"
"[나눔] 데크 가져가라"
"[6]"
"롱보드 커뮤니티는 네이버 롱보드코리아가 끝임?"
"[6]"
"오랜만에 왔는데"
"[2]"
"형들 인대 늘어나고나서 "
"[3]"
"크리스 콜 한국 옴??"
"[2]"
"엌ㅋㅋㅋㅋ"
"[3]"
"모노파틴은 원래 배송을 늦게하나?"
"[3]"
"트레 플립 연습영상"
"[5]"
"투표독려하는 세력은 야당세력이니 거기 휘둘려서 투표할 필요없다"
"[5]"
"투표하고 옴 "
"[1]"
"몸이 못받아들여서 넘 힘들당"
"어제 여의나루 갔는데"
"[8]"
"여심 사로 잡은 키스장인 남자배우는?"
"[디시人터뷰] BP라니아, 다시 Start a Fire"
"스켑 팔 형 있어?"
"[6]"
"롱보드로 트릭하는새끼 특징"
"[1]"
"날풀리니까 글리젠 폭발하네ㅋㅋㅋ"
"[4]"
"얘들아 궁금한게 있다"
"[4]"
"저번에 키보드 고장난 알리만 한다던 게이임 "
"[2]"
"롱보드 접었다 시발"
"[2]"
"그러면 글래스 화이버가 들어간 보드는 "
"[4]"
"BDskateCO이넘은 왜 눈에띄게 비쌈? "
"[4]"
"874입고 다니기 괜찮냐? 어떠냐?"
"[4]"
"보알못이 말하는 약간의 트릭 vs 스케이터가 말하는 개힘든 트릭"
"[6]"
"스케이트보드 젤 이해 안 가는게 땅바닥 발로 차서 가는거  "
"[10]"
"저 븅신은 아직도 저러고 있네"
"[1]"
"드뎌 내가 사고픈걸 깨달았다"
"[8]"
"작가로서의 하루키를 존경하는 편은 아니지만 "
"[4]"
"[유튜브] 프론트 사이드 180 4일차"
"[1]"
"몰그랩(mall grab) 이란 단어 생기게된게"
"[7]"
"바니홉 좆나 어렵네ㅋㅋㅋ"
"[3]"
"보드 사려는거 갑자기 다시 고민되서 질문"
"[10]"
"몰그랩"
"[5]"
"ㅎㅇㅇ....날씨뜨듯해져서 기어나옴"
"[5]"
"뉴비인디 보드관련 커뮤니티 소개좀"
"[7]"
"대마초구입 유명스케이트 보드 선수 징역형.news"
"[4]"
"보드진짜좆같다.."
"[5]"
"얘들아 가든파이브 예전에 유령도시같다고 했잖아 거기 요즘엔 어떠냐"
"[3]"
"경주 인근 새끼들 미쳤네"
"요즘 스레셔 셔츠 입은사람들 많아짐"
"[8]"
"킥플립 잘하고싶다"
"[3]"
"솔직히 버스랑 도심레이스도 안 해본 애들이 익스트림이 뭔지나 알겄냐 "
"[4]"
"토이머신 양말"
"[4]"
"아 배고프다"
"[2]"
"여심 사로 잡은 키스장인 남자배우는?"
"[디시人터뷰] BP라니아, 다시 Start a Fire"
"인디 코스턴투 트럭판다"
"[11]"
"사랑니 빼야하는데"
"[5]"
"글이라도 좀 써봐요 횽들 ㅋㅋㅋ"
"[3]"
"노즈,테일 사이드부분이 각진 데크는 뭐 특별한거 있냐?"
"[4]"
"[유튜브] 프론트 사이드 180 3일차"
"[2]"
"횽들... 여기 망갤인가요??"
"[4]"
"노즈그라인드 아웃 할 때 어케함?"
"[3]"
"아 진짜 젊었을때 복싱대회라도 함 나가보는건데"
"[3]"
"아오시팔 부잣집에서 태어나서 유산까먹고 사는것도"
"[1]"
"아 시발 진짜 집도 안 사주고"
"[1]"
"일하기 존나 싫다"
"[1]"
"구미 해오름공원 스팟입니다"
"[2]"
"구미 스팟입니다"
"[1]"
"보드 바꾸려고 하는데"
"[3]"
"아 존나 시발 회사가 미쳐 돌아가네 내 돈으로 점심 먹으라고"
"[1]"
"간만에 와서 질문 날린다."
"[5]"
"프론사이드 180 팁좀"
"[5]"
"난 십몇년동안 알리만 하네 ㅋㅋㅋㅋ"
"[6]"
"수프라 신어보신형님들 질문좀"
"[2]"
"버스 유리창에 머리기름 묻은거 극혐"
"휴 또 우리 엄마 또 술먹고"
"[1]"
"엄마한테 용돈 5백받음"
"[4]"
"시카고의 스케이트 보더들"
"[3]"
"존나 하여튼 시발것들이 장인 돌아가셨을꺼같다고 할때"
"참 시발 노는게 더 피곤하네"
"치마입고 롱보드타는 여자 볼때 특징"
"[7]"
"챔피언 나그랑티 사본사람"
"[2]"
"엑갤 접을 때가 온거같다"
"[4]"
"라카이 코리아 폐업한다넹..."
"[10]"
"보드로 월라이드"
"[1]"
"여심 사로 잡은 키스장인 남자배우는?"
"[디시人터뷰] BP라니아, 다시 Start a Fire"
"평택 쌈리가 어디냐"
"[1]"
"보드화 한번 사면 몇달정도쓰심?"
"[15]"
"인라인 배울 여고딩구함"
"아 존나 빽다방 개쓰레기임"
"[2]"
"아 인라인 있고 주말에 쉬어도 존나 피곤해서 암 것도 하기 싫"
"[1]"
"보드 입문자 스켑 구매 정보좀 알려주세요 ㅠ_ㅠ"
"[4]"
"필라 피트니스 인라인 팝니다 누가 좀 사가셈 제발"
"홍대 탈곳"
"[4]"
"필라 피트니스 인라인ㅡ흰색ㅡ팝니다 "
"팔라스데크 써보신분?"
"[1]"
"우와... 갭차이가 어마어마함"
"[1]"
"평택에 인라인타는 새끼들 다 죽었냐"
"[유튜브] 프론트 사이드 180 2일차"
"[1]"
"스켑 정모 관련.."
"[4]"
"당연히 스켑이 최고긴한데.."
"[1]"
"조언 좀 구하고 싶습니다"
"[11]"
"날이 풀리니 보드양아치들 스물스물 기어들어오네"
"[1]"
"솔까 헬멧은 다 소용없음"
"[2]"
"행님들 보드 입문 질문드려요"
"[3]"
"님들 정말 부탁드려요 보드 질문"
"[9]"
"보드타는 어린 친구들 서울에서 같이탈분  "
"[6]"
"질문~30인치 안팎 스케이트보드 타보신 분"
"[6]"
"10년 보드인생 접고 BMX 입문하려는데 질문좀;;"
"[8]"
"롱보드 시즌 돌아왔다"
"[2]"
"트럭 질문 받아라"
"[11]"
"프레임 깨짐"
"[1]"
"형들 팝샤빗"
"[5]"
"어젠가 학교를 갔는데.. [미짜글주의]"
"[3]"
"강릉에 보드탈만한곳 /"
"혹시 이중에  리얼리티  영상가지고있는사람있나요?"
"[3]"
"여심 사로 잡은 키스장인 남자배우는?"
"[디시人터뷰] BP라니아, 다시 Start a Fire"
"일산 스케이터계심?"
"밑에 의정부 같이타자고한 놈"
"[12]"
"874 원래"
"[7]"
"보드 도색기 2"
"[4]"
"6월에 만든거 지금 올립니다- 보드 도색기 "
"[2]"
"사직 기물나와라 "
"[2]"
"연신내사람형 뽀드어디서타?"
"[16]"
"데크중"
"[7]"
"시발"
"[1]"
"[유튜브] 프론트 사이드 180 1일차"
"[1]"
"의정부 스케이트버드탈사람구한다"
"[2]"
"님들 부싱이랑 트럭높이 취향이?"
"[7]"
"하프캡 멋있게..."
"[2]"
"죧늅인데 보드 테크라는 그 몸판이 나무도있고 플라스틱? 같은것도있던데"
"[2]"
"데크샀는데 세팅 좀 도와주세요"
"[7]"
"나이키 스테판야노스키 살사람있냐"
"[5]"
"자지연타 진짜 자전거 파네"
"[3]"
"아 이런갤도있네"
"신발끈 잘찢어지는 보더들 제품 ㅊㅊ"
"[3]"
"발목보호대하고 스켑 트릭 구사가능해?"
"[4]"
"우왕 ㅋㅋ 허브 고침"
"[1]"
"2/21 파오후 일기"
"발이 접질러저버렷~~!"
"[3]"
"나이가 깡패당"
"[4]"
"자지연타가 ㅠㅠㅠㅠㅠㅠ"
"[1]"
"하..오늘 존나 잘타고 있었는데 개 때문에 족쳤음"
"[3]"
"2016 코리아라이더즈 BMX 봄시즌 강습모집"
"[2]"
"어그레시브 영화"
"[1]"
"4130디스 하지마셈.."
"[18]"
"뭐지 4130 욕먹는 것 같던데"
"[4]"
"여심 사로 잡은 키스장인 남자배우는?"
"[디시人터뷰] BP라니아, 다시 Start a Fire"
"한국과 일본 bmx가격.."
"Wtp 트러스트37에 판다"
"[2]"
"나도 실력체크"
"[유튜브] 2016 실력체크"
"[5]"
"서울애들왜이렇게병신같냐"
"[4]"
"휠을 바꾼다고 하면"
"[7]"
"하 시발"
"너네 새해 다짐이 뭐냐"
"[3]"
"핳핳핳핳핳"
"휠 경도 차이 궁금"
"[5]"
"플립류 높이 높이는법"
"[5]"
"전남 여수에 보드 탈만한데 있음??"
"[3]"
"소나무로 데크 만드는 업체가 어디야?"
"[4]"
"모노파틴 너무 하네요 ㅡㅡ"
"[7]"
"나는 그냥 보드타는게 좋다 "
"[6]"
"무리지으려는 양아치본성은 어쩔 수 없는거 같음"
"여자한테 쵸코렛 받았다"
"[1]"
"형들 스켑 산거 지금 왔는데"
"[3]"
"너네"
"[7]"
"스노우보드 시즌 끝났다"
"[2]"
"6관절락.."
"[1]"
"[유튜브] 유튜브 채널이나 해보기로 했음"
"[3]"
"알리 연습하니까 신발끈이 까짐"
"[6]"
"부산분들 비오는날도 타시나요??"
"[3]"
"롱보드까이는 이유 설명해줌"
"[1]"
"어느시점부터 보드에 재미들렸냐"
"[4]"
"보드나 인라인이나"
"미국보더들 수준"
"서울스케잇에 대해 한 마디"
"[1]"
"그래 롱보드랑 보드는 똑같겠지"
"[7]"
"여심 사로 잡은 키스장인 남자배우는?"
"[디시人터뷰] BP라니아, 다시 Start a Fire"
"알리 연습과정 15년11.29-16년02.09"
"[11]"
"저가항공 보드반입관련 질문"
"[3]"
"빅스핀 팁좀"
"[3]"
"스켑이랑 롱보드랑 판때기에 바퀴달거 가는건 똑같다"
"[3]"
"아 블랭크덱"
"[2]"
"안녕하3?"
"[2]"
"메뉴얼 팁좀"
"[3]"
"데이브 미라 죽엇네"
"[2]"
"MX용 풀페이스랑 자전거용 풀페./질문"
"[3]"
"요즘 인라이너 더블오가 안보인다."
"[2]"
"롱보드는 왜 까이는거냐?"
"[13]"
"페이키 빅스핀 하다가 부랄 쳤다"
"[5]"
"나 저번주에 설스 스티커 전자사전에 붙였는뎁"
"설스가 논란인게 뭐 때문임?"
"[3]"
"여주 아울렛 볼트라인이나 스케이트보드 시그니쳐같은거 파냐??"
"[3]"
"설스를 바라보면 하루하루 버티고있다"
"예전에 설스사겠다고 글싸지르고 삿다고 글싸지른게"
"설스켓 걍 꺼져라"
"아래 글 댓글 복구"
"글삭튀 좀 그만 해라 "
"서울스케잇에 대해서"
"[11]"
"분위기 핫한데 눈치없이 보드 질문"
"[5]"
"WTP 리즌 왔다;"
"[6]"
"서울스케이트놈이 삭제한 댓글"
"[3]"
"개 노답"
"핫하다"
"[3]"
"써울 쓰케잇 썰 글을 복구해봤다 "
"[11]"
"초보가 용산역스팟 낮에가면 좋은이유"
"[5]"
"인라인 ㅇㅇ보다"
"스켑조아 썰 어디갔냐"
"[8]"
"여심 사로 잡은 키스장인 남자배우는?"
"[디시人터뷰] BP라니아, 다시 Start a Fire"
"마트에 인라인 타고 들어가는 놈도 있냐"
"16 위더피플 저스티스랑 스톨른 헤이스트 중 뭐가 좋을까"
"[5]"
"bmx 스트릿 입문 자장구 추천좀"
"[5]"
"이신발 뭐여?"
"[6]"
"시청에서 타다가 쫒겨났어"
"[4]"
"스켑조아//썰좀풀어봐라"
"[2]"
"이거였음"
"[3]"
"올해 첫 오독신 접신"
"[5]"
"뭐지? 나 알리는 존나 안되는데 팝샤빗이 존나 쉽게된다??"
"[4]"
"2ㅇ2ㅇ"
"[1]"
"아래 저 새기"
"노즈 쌘거좀 추천해줘라"
"[1]"
"우리 액겜갤 왜 뒤졌노"
"[3]"
"가산디지털에서 cons 4.9발"
"[2]"
"무협미드 추천해 줌"
"대구지하철 시발 존나 미쳤네"
"[1]"
"면상 갈아버릴까봐 스피드를 못 내겄다"
"[1]"
"히어로즈 리본 존나 재미없다"
"겨울이라고 운동 안 하는 새끼들 극혐"
"김연복 쉐프 얼굴 그려진 불짬뽕 사다먹음"
"test"
"삐엇을때 침이 젤 좋다는거 사실이냐"
"[4]"
"횽들아 호프만bmx"
"[4]"
"엑갤에 글 잘 안올라 오는거 보면"
"[3]"
"다쳐본 형들 조언좀"
"[5]"
"Bmx추천"
"[3]"
"엑갤러들아 내가 여기서 뻘짓마니 했다만 질문하나만 할게"
"형드라 페그질문좀"
"[1]"
"청송 아이스클라이밍 박희용 선수 우승 동영상"
"바니홉 360 팁좀 줘"
"[4]"
"여심 사로 잡은 키스장인 남자배우는?"
"[디시人터뷰] BP라니아, 다시 Start a Fire"
"영통 경희대근천데 탈 만한데 없음??"
"[1]"
"보드로 노즈봉크 어떻게함??"
"시흥, 월곶 쪽에 스팟이랑 파크좀"
"[3]"
"인라인도로주행이 위험하다 개소리하는데"
"[3]"
"인라인등하교 이래서 좋습니다"
"[1]"
"솔까 슈퍼나 편의점 갈때도 차타고 다니고 그랬는데"
"군산 bmx있나요?"
"[1]"
"솔직히 까놓고 자전거 등하교는 스릴이 없지 않냐 "
"[3]"
"병신년에 등하교에 가장 적합한 이동수단 추천해드림"
"[2]"
"강원도에 탈만한곳 잇으요?"
"[3]"
"학교에서 집 왔다가면서 보드 타려는데 롱보드 vs 스케이드보드 뭐살까?"
"[14]"
"데크제작하고싶다"
"[3]"
"에이스 트럭쓰는 분들 피봇컵 잘 붙어있슴니까?"
"[6]"
"롱보드 댄싱 왜 하는거냐"
"[17]"
"그래나 병신임"
"나병신임"
"[1]"
"장모님 모시고 탕수육 먹고 옴"
"[1]"
"발볼 넓게나오는 신발브랜드 추천좀해주세요"
"[8]"
"드디어 전역 ㅠㅠ"
"[8]"
"라이더즈 데크 어떻나요??"
"[1]"
"아이 추워"
"니들 디비디방에서 떡 쳐봤냐"
"[1]"
"오늘 친한 유부녀랑 또 영화보고 옴"
"자장구 보지문"
"용산역...후드티만 입고옴....한파주의보"
"[4]"
"니들 구멍동서 보드타는건 알고있냐?"
"[3]"
"알바끗나면 해가 지고있어서 스켚을 못탐..."
"[5]"
"지 딸이 위안부였어도 일본 용서했을꺼라네ㅋㅋ"
"글이 안올라오네"
"[1]"
"과메기가 호불호 갈린다 이런 얘기하는데"
"[3]"
"여심 사로 잡은 키스장인 남자배우는?"
"[디시人터뷰] BP라니아, 다시 Start a Fire"
"개새끼가 발정나서 현관문만 열리면 나가려고 한다"
"친엄마라도 이런건 존나 폭력이라고 생각 안 하냐?"
"[3]"
"마션은 개쓰레기고 그나마 최근에 본 영화중에"
"친구란 것들이 어째 하나같이"
"간만에 연휴라 인라인 타봤는데"
"겨울이라 보더새끼들이 안 보이네"
"[1]"
"용량이 포화상태가 됐음"
"테일부분 이정도로 닳았으면"
"[9]"
"프론테일 팁있나??"
"[1]"
"이순신만큼 과대평가된게 또 있지"
"[4]"
"원균이 존나 씹새끼인지 알았는데 역사특강 들어보니"
"이순신이 존나 위대한 지략가인지 알았는데"
"[14]"
"횽들 보드 입문하려는데 온라인 사이트 추천좀"
"내가 세상에서 젤 싫어하는게 세 가지 있는데"
"[1]"
"롱보드 타는 새끼들 그냥 다 고추 잘라야 하지않냐?"
"[6]"
"하는 일 모두 잘 되고 하고자하는 트릭 다 이루시길"
"[6]"
"2015 마무리 스케잇"
"[1]"
"병신년아 안녕"
"죽전파크 에딧"
"[5]"
"부릉부릉 "
"[1]"
"디키즈 874"
"[7]"
"롱보드 다운힐 스팟추천좀"
"[1]"
"평택 인라인입니다 추운 날씨에 건강하신지요 "
"[7]"
"용산에 스켚 탈곳있음??"
"[6]"
"오늘 타다가 동상걸릴뻔"
"오늘자 레일놀이"
"[3]"
"알리 보드가 살짝 틀어지는거"
"[2]"
"데크 싸게팔건데 필요한사람!"
"[5]"
"디씨에 존댓말했다가 크게 데이고왔다"
"[2]"
"스케이트보드 크루져 롱보드중 어떤게 초보자한테 안전하고쉽냐"
"[3]"
"여심 사로 잡은 키스장인 남자배우는?"
"[디시人터뷰] BP라니아, 다시 Start a Fire"
"지금 서울간당ㅇㅇ"
"[2]"
"개오랜만ㅠㅠ"
"[2]"
"형들 나 비엠엑스 살건데 서울에 샵좀 추천해줘 직접 가서살거임"
"[10]"
"스케이트 보드 입문하려는데 얼마정도 써야되?"
"[3]"
"크루져보드 처음 샀는데요"
"[1]"
"알리하면 보드 걍 앞으로 나가버리는데 팝이 잘못된거지?"
"[2]"
"실곶이 파크"
"[2]"
"날씨가 좋아서 간만에 연습 좀 했어요ㅋㅋ"
"[2]"
"알리어뜨케 하는지 모르겠음 ㅠㅠ"
"[9]"
"다들어디서탐?"
"[2]"
"꿈도 희망도 없이 그냥 일만 하는구나"
"[1]"
"니들 널리도 하냐?"
"[6]"
"고추 뒤에 달려있으면 좋은점 "
"휠을 손으로 굴려보면"
"[4]"
"형들 보드화 빵꾸 난 거 재활용 할 수 있어?"
"[9]"
"who are you "
"나이키 sb dunk low"
"[2]"
"ㅑ꺄 데크 왓음"
"[4]"
"뒤져가는 새끼는 좀 더 못 살아서 불만"
"따지고 보면 부모만한 원수가 없지"
"[1]"
"한진택배 쒸...불...."
"[1]"
"보더새끼들 춥다고 보드 안 타겄네"
"[4]"
"강습영상 보다가 드는 의문"
"[4]"
"보드살때 데크, 트럭, 휠 이렇게 사서 조립받으면 됨?"
"[3]"
"간단한 영상"
"[11]"
"흠... 다시 타려하니 안되는듯"
"[4]"
"보고싶은데..."
"서울에 미친새끼들 많네"
"[4]"
"bmx꿀잼"
"후우 바지 터지면 난 "
"여심 사로 잡은 키스장인 남자배우는?"
"[디시人터뷰] BP라니아, 다시 Start a Fire"
"혹시 텐서 마그네슘트럭 레귤러 5.5팔사람 없으신가요?"
"형들 팝 다 죽은 데크 계속 사용하면"
"[3]"
"비엠을 오래타는비결좀"
"[1]"
"BMX영상 ㅍㅌㅊ?"
"[1]"
"수원 청센 망햇나요??"
"[2]"
"대구에서 보드타시는 분"
"[1]"
"내일 저녁에 보라매파크 가는데 늅늅 알려주실 형님 계십니까"
"[2]"
"그립테이프 지우개 써본사람?"
"[3]"
"flatlandbmx 레드불 선수 viki gomez 텐가 광고 나왔었다"
"[4]"
"여의도 로컬 보더들 확이해바라"
"[1]"
"이건 ㅇㅇ 이 봐야된다"
"아니 님들"
"[4]"
"(i)"
"롱보드 잘타는 새끼들 부러운점"
"[3]"
"오목교쪽에서 타시는분계시나요?"
"[4]"
"주행알리 팁 좀 줘라"
"[7]"
"대리석 알리"
"[4]"
"ㅇㅇ 의존재자체가 궁금합니다"
"[3]"
"카셋허브 질문좀여 형님들"
"[4]"
"알리 앞발 밀 때 무릎 쳐지는거 (사진있음)"
"[7]"
"월요일에 턱 꼬매러 간다"
"[10]"
"가산디지털단지 나이키팩토리근처 사는사람"
"[4]"
"형들 알리랑 샤빗 질문 드림."
"[4]"
"턱 깼는데"
"[2]"
"반스 신고 보드타도 발안아픈 사람?"
"[5]"
"보드로 비스듬한 장애물 넘을때"
"[2]"
"발시렵고 손시려워요"
"[6]"
"발가락다쳐서 인라인 못 탄다 ㅠㅠ"
"디키즈 874 어디서 사야하나요"
"[4]"
"어추워"
"여심 사로 잡은 키스장인 남자배우는?"
"[디시人터뷰] BP라니아, 다시 Start a Fire"
"노래들으면서 타면"
"[3]"
"게시판에 글이 없냐 학식충들 시험기간이냐"
"[2]"
"BMX 첫 에프터 마켓 파츠"
"[3]"
"알리 질문 점 영상링크첨부함 (수정)"
"[9]"
"아디다스 부세니츠 벌크 신어보신분"
"[2]"
"전동보드 타는 사람들 있어?"
"트릭이름에 페이키 들어가는건 어떻게 해야 페이키임?"
"[3]"
"아 존나 살기 싫다"
"[2]"
"페이키 빅스핀 연습하는데"
"[7]"
"퓽퓽이는 보아라 하드휠"
"내부자들 재밌다는거 다 알바임"
"내일 자기가 죽는다고 생각해'보지' 그래도 보드탈껀지"
"[1]"
"장가가고 애낳는것도 답은 아니고"
"[1]"
"후 돈이 가장이고 돈이 화목이고 돈이 부부애인데"
"존나 이런 친구 짜증나지않냐?"
"데크추천쩜형들"
"[6]"
"이태원 투사 강습 어떠냐?"
"[2]"
"bmx 눈맞아도 됨??"
"[6]"
"간만에 동영상"
"[7]"
"주업무가 술이네 이런 미친"
"[1]"
"베어링청소"
"[1]"
"눈온다 스키시즌오픈 어예"
"[2]"
"덥다"
"[1]"
"춥다 "
"[1]"
"아까"
"[3]"
"종강이 다가온다...."
"[1]"
"참 돈 벌기 쉽다"
"[2]"
"미친 씨발것들 맨날 술판이여"
"하드휠떨이하실분"
"[4]"
"많이 후회가 됩니다"
"[4]"
"여심 사로 잡은 키스장인 남자배우는?"
"[디시人터뷰] BP라니아, 다시 Start a Fire"
"미치겄네 이제 화요일인데 벌써 일하기 싫다"
"어제 더블힐브레이크 성공하는 꿈 꿨다"
"그 베어링 개당 1천원씩 파는 곳은 어디임?"
"[4]"
"꺄훌~ 용돈 받았다 커피사줄게 평택역에 다 모여 "
"[2]"
"어디서 영화를 후장으로 본 새끼가 베테랑을 까"
"[2]"
"툴 6천원 짜리하기 2~3만원 짜리는 뭐냐 도대체"
"[1]"
"2년 숙성된 보드의 부싱, 베어링 바꾸려는데"
"[5]"
"회사 때려칠 때가 온거같다"
"[2]"
"일하고 술먹고 일하고 술먹고 씨발 아주 중독되겄다"
"[1]"
"보드양아치들 중에 지들 양아치 아니란 애들 많았는데"
"[2]"
"왕십리에서 킥플립에 대한 뭔가를 잡았음"
"[4]"
"그 보드 트럭이 헐겁다해야하나?"
"[3]"
"플립돌리고 캐치할때 어떻게함?"
"[4]"
"이 티비 프로그램 아는사람?"
"데일리 클립"
"Heelfilp"
"[6]"
"최근에 본 영화들 전부 개쓰레기네"
"[11]"
"오전에 유부녀랑 내부자들 보고 옴"
"Ollie"
"[2]"
"오늘"
"[1]"
"목포 파크 세부 사진"
"[3]"
"목포 파크인데 ㅁㅌㅊ냐"
"[3]"
"스케이트보드저변 넓히겠다던 성자가 충혼탑 등반"
"[4]"
"힐플립인증!!!!첨이라 ㄴ깔끔"
"[3]"
"힐플립탐!!!!!꺄호올!!"
"[1]"
"여자그려져있는 덱 찾아여"
"[5]"
"베리얼킥 탓당~"
"[4]"
"천국에 계신 고 노무현 전대통령님이시여 "
"[4]"
"와 좋같은련이 술처먹었다고ㅈ바가지씌우네"
"돌았네 씨발년들 30분 일 더했는데 돈 안 주네"
"[3]"
"여심 사로 잡은 키스장인 남자배우는?"
"[디시人터뷰] BP라니아, 다시 Start a Fire"
"니들 보드작작타라 안 그럼 나이먹고 질럿처럼 됨"
"[1]"
"으아오 모바일에서 동영상 어케올려요?"
"[4]"
"솔직히 스케잇샵은."
"[2]"
"수원 영통"
"[7]"
"2시간에 한번 성공하는게 과연 트릭일까"
"[5]"
"나이키 sb가 내구도는 쩌는듯"
"[5]"
"중고로 커스텀 보드 팔려고하는데"
"[6]"
"스켑좀가르쳐주라!!!!!!"
"[15]"
"발볼 넓은 보드화는 없음?"
"[5]"
"와 시발 비 맨날오네"
"[1]"
"비좀"
"엑갤짱이 누구냐"
"[11]"
"어그레시브 배우려는 아잰데"
"[12]"
"ㄷㅋㄴㅇ"
"[6]"
"새 보드로 왕십리에서 킥플립"
"[4]"
"님들 질문 있는데요. "
"[5]"
"라카이 신발 세일한다고 알려준님아 "
"[3]"
"민주주의의 진정한 의미는"
"밑에 사람 혼자서 누구랑 이야기하는거임?"
"[3]"
"병신련들아 나 일베안해"
"[5]"
"보더잡것들 존나 말많네"
"[1]"
"내가 보더싫어하는 이유 예전에 얘기했는데"
"[2]"
"모노파틴짱 보코꺼져"
"보더한테 뺏길 여자라도 있었으면 다행이지"
"(보드화 관련질문)형들, 중딩때 접었던 스케이트보드 다시 타려는데"
"[5]"
"보드ko리아 짱"
"ㅇㅇ 이새끼 보더한테 여자 뺏겨서 저런거임"
"[11]"
"데크 쟁여놨다가 쓰면 팝사망함??"
"[2]"
"니들 보드들고 인라인장에 또 들어오면"
"[5]"
"개같은 보더새끼들"
"[8]"
"여심 사로 잡은 키스장인 남자배우는?"
"[디시人터뷰] BP라니아, 다시 Start a Fire"
"핸들바 부러지는"
"[2]"
"8.5데크에 149트럭쓰는 사람?"
"[6]"
"내가 운동권년한테 속아서 민노당 찍은 생각만 하면"
"[2]"
"개같은 련들이 광고 존나 해대네"
"민주주의는 피를 먹고 자란다"
"[3]"
"보드코리아 자트덱 좋음?"
"[9]"
"모노파틴 데크 언제 나오나요?"
"[5]"
"개같은 이슬람새끼들"
"[15]"
"겨울 X-GAME을 소치 동계올림픽으로 알아보자!.youtube"
"[7]"
"힐"
"[1]"
"신발끈 돌돌 감아서 순간접착제 바르면"
"[2]"
"형들 비시즌인디 여기다가 스키장 파크 동영상 간간히 올려도 될까요?"
"[8]"
"베어링 질문점"
"[4]"
"수능보고왔쪙 형들. 별일 없으십니까."
"[6]"
"갤에서 키보드만 타는 쓰액기들아"
"[13]"
"아악!!!힐플립 아까워!!!"
"[9]"
"신발끈이 맨날 끊어지는건"
"[10]"
"디씨 토닉 내구성 ㅆㅎㅌㅊ"
"[1]"
"방금 여자사람이 존나 졸라서 ㅡ검은 사제들ㅡ보고 옴"
"[1]"
"한국에서 17만원에 커스텀 맞출 수 있음? 쓸만한걸로"
"[7]"
"횽들 샤오미 나인봇 어떻게 생각해요?"
"[1]"
"ㅇㅇ 이름 바꾼거냐"
"[1]"
"롱보더가 여자랑 노는게 부러우면 롱보드타라"
"연애는 짧고 결혼은 길다"
"[3]"
"형들 면바지 좆같지 않아? 관리 어떻게함?"
"[4]"
"뉴덱&새신발"
"[12]"
"물빛광장"
"장미싸네 빼빼로지랄말고 장미사라"
"bmx시작하러고하는데"
"[4]"
"쓰리킥 앞발 씁니까 "
"[2]"
"여심 사로 잡은 키스장인 남자배우는?"
"[디시人터뷰] BP라니아, 다시 Start a Fire"
"ㅆㅅㅌㅊ 스팟"
"[2]"
"간만에 영상투척"
"[4]"
"이런데크 타고다니면"
"[3]"
"bmx 타는 여자는 없냐"
"[9]"
"롱보드 까는 새끼들 특징"
"[12]"
"근데 보드양아치들은 원래 다들 생각이 없냐?"
"[2]"
"양아치짓을 한다 해도 그런 조형물 오르는것보단"
"[5]"
"아 목동 스팟 대리석 깨놓은 분"
"[4]"
"헬프유바이에서 데크 사면 그립테입 붙여주나요?"
"[4]"
"ㅇㅇ아"
"남이 세운 조형물 능욕하고 저런게 진정한 보더 아닙니까 여러분"
"ㅇㅇ 새끼야 보거라"
"화해의 섹스를 하세요"
"[1]"
"아 핑거보드 슬슬짜증난다"
"ㅇㅇ이 이번문제 거론할 자격있나 모르겠다"
"[1]"
"독립운동 뭐시기 올라간거는 확실히 잘못이지"
"[4]"
"유학생씨에게"
"[2]"
"포항에서 타는 애들 없냐"
"[3]"
"보드타고싶다"
"이번에 ㅅㅂ 롱보드 타면서 느낀거는"
"[6]"
"병신들아"
"병신짓"
"[4]"
"지역감정이 본질인거 같냐? 좆같은 련아 논점 흐리지마라"
"[4]"
"어그로꾼한테"
"[2]"
"멜론그랩(melon grab) 하려면 닌자알리부터 배워야하나요?"
"[2]"
"유학생형 아랫글 확인해봤더니 현충탑 아니네..."
"[11]"
"빨리 좆나추워쟛으면 좋겟다"
"[2]"
"여수 보드 타기 좋다 레알"
"[14]"
"플랜랜드 입문하기 좋은거없냐"
"[2]"
"날씨가 오락가락 하넹"
"여심 사로 잡은 키스장인 남자배우는?"
"[디시人터뷰] BP라니아, 다시 Start a Fire"
"날씨가 오락가락 하넹"
"강제 시즌오프"
"[5]"
"엑갤횽들아 서울은 모텔 어디가 쌉니까"
"[3]"
"세타이어 에비씨마트에서 파나용"
"[5]"
"계절이 뭔상관임?"
"계절은 무슨"
"[3]"
"겨울인데 보드는 좀 쉬어야지?"
"[4]"
"후드티를 살까 신발을 살까... "
"[5]"
"하드코어가 되고 싶으면 하드코어로 살아야한다"
"[3]"
"겨울에 추워서 안타는애들 특징"
"[7]"
"얘들아 이번 주말에 성남시에서 여자랑 데이트할껀데"
"수원역이나 성남시청 근처에 스팟있음?"
"[1]"
"겨울에 보드 못 타는거 병신맞지"
"[6]"
"수원에서 인라인 탈만한데 없냐?"
"데크랑 신발 쥬문잼 ㅋ"
"[6]"
"오늘 알리연습"
"[3]"
"추운날 안타는 이유.txt"
"[2]"
"우리나라 프로중에"
"[19]"
"그 있잖아 포미닛이 광고한 페리카나 신발가게"
"[1]"
"후샏"
"BMX 타이어 질문!!"
"[10]"
"니뽄걸 아프데요"
"[2]"
"대구에 보드화 파는곳 어디어디 있어양?"
"[13]"
"니뽄걸이 추워보였어.."
"[5]"
"횽들은 슈구 바르면 몇일 정도  가?"
"[1]"
"겨울에 안탄다그러면 왜 병신취급하냐"
"[15]"
"형들 보호대추천좀"
"[1]"
"추워서 보드 못탄다는 새끼들 특징.txt"
"[3]"
"유형 감사합니다"
"으아아앜 킥플립 앞발"
"[6]"
"여심 사로 잡은 키스장인 남자배우는?"
"[디시人터뷰] BP라니아, 다시 Start a Fire"
"오랜만에 와봤더니 퇴갤했네"
"바빠서 2-3달 안 타다가 이제 좀 여유 생겨서 타려는데"
"[1]"
"심심해"
"[8]"
"알리 장애물 넘을때 시선처리 질문좀"
"[2]"
"상산고 탈락~"
"[12]"
"와 이거 뭐냐 존나 멋지네 ㅋㅋ"
"[2]"
"존나 춥다"
"[4]"
"석촌호수 근처에 인라인탈데 있음?"
"원래 보드화도 실밥터지는 현상이 있나요?"
"[4]"
"갑자기 킥플립이 잘 안되고 더블킥이 됩니다..조언좀.."
"[2]"
"롱보드 트릭은 왜 하죠"
"[14]"
"시발"
"[5]"
"제2롯데월드 개장했나요?"
"[4]"
"아디다스 스탠스미스 벌크 후기 알랴드림."
"[2]"
"집에 좀 보내도"
"[4]"
"발바닥으로 브레이크거는거 솔까 미개하지않냐"
"[7]"
"보드화 겉감으로"
"[2]"
"이메리카 웨스트게이트 미드탑샀음"
"[5]"
"기모찡♡♡♡"
"[4]"
"Vlado 신어본사람?"
"[10]"
"보드 타니까 허벅지에 근육생기네ㅋㅋㅋ"
"[3]"
"고닉뒤에 노란네모 있는건 뭐고 없는건 뭐임?"
"[4]"
"로웰리 샀다ㅋㅋㅋ"
"밑에 유동글 보고 길버트 크로켓 샀다."
"[2]"
"학교가기싫다"
"[3]"
"혹시 여기 C1RCA 보드화 신어보신 분 계신가요?"
"겨울에 보드타면 무릎 시려??"
"[4]"
"반스 하프캡 얼마나 해영??"
"[2]"
"아조시들 "
"[2]"
"횽들 킥플립 앵간히 되면"
"여심 사로 잡은 키스장인 남자배우는?"
"[디시人터뷰] BP라니아, 다시 Start a Fire"
"보드는 양아치들이 타는게 젤 잘 어울린다"
"[5]"
"크 갓타이어"
"[7]"
"ㅋㅋ 집에 10년은 묵어있던 스케이트 보드"
"[1]"
"보드 입문 할때 사려는 리스트 평가좀"
"[8]"
"베어링의 쉴드가 빠져서 다시 껴지지가 않아 어떻게 하지"
"[9]"
"님들님들 크루져보드가 왜 그러케 까여요?"
"[12]"
"반스 길버트 크로켓 어떰?"
"[5]"
"와 그라인드 재밌네"
"[4]"
"헬멧을 사려는데.."
"[6]"
"나도 롱보드나 탈까"
"[6]"
"롱보드는 계집들이 타는게 제일 보기좋다."
"[3]"
"입문용 인라인 추천해주세요"
"[3]"
"원래 사는게 이런건지는 알았는데 졸 재미없다"
"[1]"
"1주일만에 보드탄다!!"
"왜 시바 자전거에만 올라타면 힘이 빠질까"
"[2]"
"오늘 쌍체인 자전거를 봤다"
"꼭 못 보던 고닉이 와서 질문글싸면"
"[4]"
"보드 무게 질문..."
"[2]"
"신발질문"
"[9]"
"유학생햄"
"[4]"
"무릎이 아픈데 보드 못 타나요??"
"[6]"
"나 보드사고 총 두시간정도 타봤는데"
"[5]"
"알리 강좌는 라이더즈샵꺼가 제일 낫다."
"[1]"
"인천 예술회관 평일, 주말 각각 몇시부터 사람들 모임??"
"형들 bmx 입문할건데 질문좀"
"[5]"
"작고 가볍고 얇은게좋아"
"[6]"
"요새 데크 사이즈 왤케 크게 타나요?"
"[7]"
"오늘 주행알리 성공함!!ㅠㅠ"
"[7]"
"에비센데크 아는사람"
"[2]"
"킥스쿠터 삼"
"[2]"
"여심 사로 잡은 키스장인 남자배우는?"
"[디시人터뷰] BP라니아, 다시 Start a Fire"
"보드관련영상 볼만한 재밌는거 없음?"
"[10]"
"인천스팟 추천 해주세요."
"[4]"
"척테일러 프로라인 아닌것도 신고탈만할까"
"[4]"
"보더련들 지들이 대단한지 아는데 진짜 개념도 없어요"
"[4]"
"요즘 키보드 탈 시간도 없다"
"[1]"
"보드를 잘 타지 못해서 불행한 것이 아니라"
"[5]"
"인터락 겁나 비싸네"
"[5]"
"mob 그립 괜찮아여?"
"[6]"
"체인 고민하는 갤러 봐라"
"[3]"
"입대 했다가 허리 아파서 4일만에 나옴 ㅋ"
"[6]"
"이클랏 스트로크 체인 어떄양? "
"[2]"
"아.... 나도 키크고 싶다..."
"[5]"
"후드티 하나 살까 싶은데 예쁜거 추천좀 해주세양! "
"[3]"
"스켑 보통 몇월까지탐? 너무 추워지면 타기힘들거같은데"
"[6]"
"데크가 너무커서 그립테잎 붙이기가 힘들다.."
"형들 나 군대간다고 글 쌌던놈인데"
"[4]"
"8.625 너무 크냐?"
"[12]"
"미아동 스팟"
"[3]"
"야노스키말야"
"[5]"
"자노스키?"
"[5]"
"1년 신고 탄 자노스키가 있는데"
"[2]"
"일본 마트 컴플릿 보드 슈듄"
"[2]"
"프로&프로 11회 존나 재밌네 ㅋㅋㅋ"
"[3]"
"캬하 스위치 알리 성공!!"
"[6]"
"SLS 는 tv로 못보나여"
"[2]"
"바니홉은 너무너무 어려운 기술이다 "
"[3]"
"알리 멋지게 하려면"
"[1]"
"결혼과 연애의 차이점 설명해줌"
"광고근절캠페인"
"[3]"
"킥플립 피드백좀 주세요.. 엉엉"
"[7]"
"여심 사로 잡은 키스장인 남자배우는?"
"[디시人터뷰] BP라니아, 다시 Start a Fire"
"수원사는데 티툴 어디서 시야되냐"
"[3]"
"별보고 출근해서 별보고 퇴근하는 사람한테"
"[4]"
"느아아아아ㅏㅇ 그랍테입 버렸다!!"
"[4]"
"원래 하지 마라고 하면 더 하고 싶은게 사람 심리"
"[2]"
"라카이신발 질문"
"[1]"
"알리 성공"
"[3]"
"스켑질문2"
"ㅇㅇ"
"[1]"
"씨발 플렛류 데크 존나 극혐"
"[5]"
"슛 더 스케이터 컨테스트 입상자 발표"
"[5]"
"유사장 가게 확장되는거 봐라"
"[5]"
"모노파틴 주문한거 재고 없다고 연락옴"
"[5]"
"근데 알리할 때 앞발로 밀라고 하잖아 "
"[4]"
"스켑질문"
"[2]"
"돈 벌어서 인라인 사면 뭐하냐"
"[4]"
"인라인 타고 싶다"
"콘즈x폴러"
"[8]"
"주문하는거 마다 마지막 상품 ㅋㅋ"
"[3]"
"이런 신발은 그냥 SB삘 신발이지???"
"[2]"
"밑에 똥멍청이새끼...."
"[3]"
"F/S 180, fakie F/S 180 해봄"
"나 연애한당 ㅎㅎ"
"[10]"
"알리할때 손 x자로 하는게 더잘되냐?"
"[10]"
"스켑팔아요 형들"
"[5]"
"바르고 고운 말을 씁시다 아름다운 말이 아름다운 사회를"
"[5]"
"아 엉덩이야ㅠ"
"[3]"
"광고는 무슨"
"[1]"
"그래도 시발 시즌오프때 입대하네 ㅋㅋㅋㅋㅋㅋㅋㅋ"
"[2]"
"오늘 입대함 ㅂㅂ"
"[12]"
"스테판 자노스키 신어보고 왔는데 질문좀"
"[6]"
"여심 사로 잡은 키스장인 남자배우는?"
"[디시人터뷰] BP라니아, 다시 Start a Fire"
"유동 몇 명만 더 있어도 저런건 개박살인데"
"[3]"
"개소리 그만하고 광고글 올리지마라"
"[6]"
"저번 영상 촬영하면서 찍은 사진 올린다 "
"[3]"
"오늘 부평 사람있음?"
"[3]"
"운정파크말이여 페북에 누가 올린사진보니까"
"[2]"
"으아 존나춥다"
"[1]"
"글도 길어질것 같고 엑갤이니까 음슴야자요"
"[6]"
"안녕하세요? 입문하려하는데 인터넷으로 컴플릿보드사면 그립테이프붙여주나여?"
"[3]"
"광고 좀 적당히 해라"
"노모파티"
"[2]"
"하지말라면 더 하고싶은 사람의 심리를 따라서 광고올림"
"[2]"
"모노파틴에서 보드 구입했습니다"
"[5]"
"모노파틴 광고글이라는 얘기 관련해서 유학생형께 드리는 말"
"[4]"
"ㅁㄴㅍㅌ 개쓰레기년들"
"모노파틴 광고 좀 그만하지?"
"그립테잎 청소법(비용 X)"
"[2]"
"십자인대 나간 앤데"
"[2]"
"싸고 괜찮은 베어링 추천점"
"[4]"
"추울 때 어디서 탐?"
"[1]"
"신발질문만 하는거 같아서 죄송한데 마지막 한가지만"
"[8]"
"모노파틴 주문 직전인데 사은품 질문좀"
"[8]"
"플래틴 왜 없어졌냐"
"[1]"
"알리 뛸때 테일쪽 발을 잘 못뛰겠어"
"[4]"
"ㅁㄴㅍㅌ 형님"
"[3]"
"고척돔"
"[2]"
"스팟이 아닌 곳에서 보드 타는 규칙"
"[1]"
"횽들아 체크남방이 똑딱이면 이상한가요? "
"씨발 야노스키"
"[1]"
"뭔불법이야 자전거가 인도에서타면 불법이고 롱보드는상관없는ㄷ0"
"보드 인도에서 타면 안되는거 모르는 사람많네"
"[1]"
"여심 사로 잡은 키스장인 남자배우는?"
"[디시人터뷰] BP라니아, 다시 Start a Fire"
"스케이트보드가 차라는거 농담이죠?"
"[3]"
"좆됨 3일남음"
"[2]"
"고양시에서 타는 사람들 미관에서 왜 타냐"
"[18]"
"오늘 인천 예술회관 가니까 사람이 없네? 보통 언제 보드타는거임?"
"[5]"
"비온다는데 어떻하냐???"
"ㅂㅅ 거지보더들 깝치는거 보니 딸취고싶노??"
"보더들 착각하는데 인도에서 보드타는거 위법임"
"[7]"
"보더 수준 무시하는 애들 특징"
"[1]"
"T툴 말인데"
"[1]"
"솔직히 보드 탈때는 쭉티가 짱이지 않냐 "
"[1]"
"자마노 vs 반스 에라 프로"
"[5]"
"스케이트보드 10년 묵혔는데"
"[1]"
"데니맥아스킬은 존나 까일듯"
"[3]"
"해외직구 개념샵 추천해준다."
"헐 씨발 루이 로페즈 한국에 옴"
"솔까 보드 타는 애들 수준 낮은건 알았는데"
"[5]"
"스케이트보드는 놀이기구라서 애초에 법적으로"
"[1]"
"보더들의 1등 신부감"
"[2]"
"엑갤 이벤트 참가"
"[4]"
"Weekend dumpies - Dumpage 9"
"[5]"
"다시봐도 10계단 본레스 다운 지리는듯"
"[7]"
"롱보드 스킬은 왜하나같이 멋이없지"
"[32]"
"여의도공원에서 타면 안되냐?"
"[7]"
"판교 화랑공원에서 타는 사~람?"
"[3]"
"여기 평촌에서 스켑타는 형들 많으요??"
"[6]"
"메뉴얼할때 복근도 쓰나영? "
"[3]"
"하 신발 너무 자주 갈아치운다 "
"[7]"
"노모파티 이벤트 "
"[2]"
"반스 어센틱이 보드화 체고조넘인 이유"
"[11]"
"스케잇 진짜 존나 재밌다"
"[8]"
"여심 사로 잡은 키스장인 남자배우는?"
"[디시人터뷰] BP라니아, 다시 Start a Fire"
"혹시 뚝섬에서 2기가 usb 잃어버린 사람 있냐?"
"어제 미관에서 ㅇㅇ 본 사람?"
"[1]"
"데이브 잉글랜드라고 스노우보더 아는 사람?"
"[2]"
"합정엳에서 난지파크까지 멀어양?"
"[5]"
"나이키SB 쟈노스키 abc마트에 나옴 "
"[1]"
"오래 탔는데 못 타기로 유명한 사람 없냐"
"[5]"
"요즘 바빠서 인라인 탈 시간도 없다"
"샤빗 난 왤케 어렵지... 도움좀...ㅠㅠ"
"[7]"
"진주성 밤에 들어가서 인라인 타고 옴"
"닉네임 추천 받습니다"
"[1]"
"인라인 안 팔려서 세 대 됐다"
"반스하프캡"
"[2]"
"미안 글다시씀 마라나vs자마노"
"[4]"
"자마노vs야노스키"
"[7]"
"보빨은 남의 자유고 권리라고 생각 안 하냐"
"화정역 스팟이 어디임??"
"알리"
"[3]"
"프레셔 탐"
"[3]"
"어반타는 넘 없냐?"
"[2]"
"어제 한장 넘겼다는 허접임"
"[5]"
"가을만되면 입술이 터서 짜증난다 "
"보드타는 여자랑 사귀는 법"
"[2]"
"킥플립은 정녕 많이 차봐야 터득하는 것일까"
"[3]"
"데크 한장 드디어 넘겼다"
"[3]"
"4년째 알리를 못해요"
"[4]"
"데크 사려고 합니다. 추천 부탁 드려요."
"[6]"
"데크에서 무게차이 많이 나???"
"[22]"
"스핏파이어X슈프림51mm랑 휠 바꿀사람잇나?"
"[2]"
"노오ㅡㅡ력이 부족하다 닌겐!"
"발목때문에 3주째못타고있다"
"[7]"
"여심 사로 잡은 키스장인 남자배우는?"
"[디시人터뷰] BP라니아, 다시 Start a Fire"
"콘즈 서울투어 데모쇼"
"[1]"
"ㅇㅇ양심선언ㅡ미안하다 여친 있단건 구라였어"
"[1]"
"어제 아울렛갔는데"
"[1]"
"엔조이 토이머신"
"[3]"
"노모파티"
"[3]"
"엔조이 프로 클라스"
"[4]"
"횽들아 체크남방이 똑딱이면 이상한가요?"
"[3]"
"보드타러 나왔는데"
"[9]"
"본즈 atf휠"
"[5]"
"님들 원에리"
"[2]"
"질럿아 연휴에 인라인 좀 탔냐 "
"[2]"
"스팟 안 나가봐서 모르겠다만 여자한명 있으면 분위기 좀 달라질듯 "
"노력파 스케이트 보드를 위 합리적인 행복록 : 목표는 반드시 정의인가? "
"올해는 유난히 데크만 많이 갈아치웠네"
"[1]"
"늅늅 저렴한 보드화 추천해주세요"
"[3]"
"스켑 부럽다 "
"[4]"
"시발 새벽습기 쳐먹고 2일만에 존나 젖음"
"[1]"
"[뉴비] 이번에 친구가 데크를 준다는데..."
"[1]"
"후 배부르다"
"머야... 부산맥도생태공원 x게임장 없어젔네"
"[2]"
"엑갤마스코트 ㅇㅇ와 관련된 10대의혹풀어드림"
"[3]"
"길용아"
"설이라 고향내려와서 할게 없지?"
"[2]"
"갈곳없는 인라인 포용하라고 강요할 순 없겠지"
"[2]"
"재능있는새끼들은 지 재능을 노력으로 포장하지마라"
"[1]"
"인라인으로 대동단결"
"예수는 같은 예수인데 지들끼리싸우고 "
"[2]"
"나도 재업"
"[3]"
"예전 개념글 재업 ㅡ ㅁㄴㅍㅌ 까는 글"
"[7]"
"인라인도로주행을 위한 시"
"여심 사로 잡은 키스장인 남자배우는?"
"[디시人터뷰] BP라니아, 다시 Start a Fire"
"연재재개 ㅡ 누가 새의 접힌 날개를 위해 울어줄 것인가1"
"보더들에게 점령당한 인라인장 인라인도로"
"[5]"
"롱보드 루저보드 다 배척하고"
"[6]"
"[오늘의 프리스타일] No Hand 50 50 1일차 해봄"
"[2]"
"이건 정말 중간에 쉬면 안되는 취미"
"[4]"
"제가 생각하는 이상적인 스켑의 3대요소"
"[2]"
"꼭 보드 타는 여자 만나야 하나 여친 사겨서 니가 보드 갈치면 되잖아 "
"[1]"
"뚝섬파크 에딧"
"[7]"
"짧은 킥플립 모음"
"[3]"
"[이벤트] SHOOT THE SKATER CONTEST. 참가하셈들."
"[9]"
"형들 polar데크랑 palace데크"
"[3]"
"진지하게 롱보드나 크루저보드 타는 놈들"
"[6]"
"보드타는여자사귀는법"
"[3]"
"모노파틴 사이트 안열리네 ㅡㅡ"
"[2]"
"F/S 보드슬라이드 얻었다"
"[3]"
"라이더중에 오덕있음?"
"[13]"
"롱보드가 최고 아니냐?"
"[1]"
"이런 보드는 어떻게 생각하시나요?"
"[4]"
"보드접어"
"[5]"
"스케이트보드 궁금점 하나"
"[9]"
"이새끼아냐? 신상파본다"
"[1]"
"롱보드 특징"
"[16]"
"탕수육 먹고싶다"
"[8]"
"노력과 재능에 관해 똥싸봄"
"[3]"
"노력만 갖고 다 될꺼같으면"
"[3]"
"노력탓하는게 병신인게"
"[1]"
"안뇽 형들 질문하나만 받아주라"
"[3]"
"나이키SB 광고"
"[3]"
"이어폰 제법 많이 끊어 먹었는데"
"[8]"
"장비탓 재능탓 하지마라"
"[4]"
"여심 사로 잡은 키스장인 남자배우는?"
"[디시人터뷰] BP라니아, 다시 Start a Fire"
"알리 자세좀 봐주세요!"
"[12]"
"여긴 거의 보드네; 인라인갤러리는없음??"
"[5]"
"나의 보드 메카니즘.txt"
"[7]"
"이건 포전가욘ㄴㄴㄴㄴ"
"[3]"
"janoski 발음논란"
"[4]"
"장애물 없이는 그냥 깔짝이라도 뛰는데"
"[6]"
"발목때문에 2주못탔는데 감잃음"
"자노스키 보드화"
"[12]"
"보드는 재능보단 체중이 중요한거 같다"
"[8]"
"나도 후리코스터 써보고싶다 "
"[3]"
"나이키 프리모 코트 캔버스"
"아 짜증나.. 내꺼 스케이트보드 누가 훔쳐갔다"
"[6]"
"노력탓 재능탓 어지간하네"
"[1]"
"시발!!!!!!bmx bb안빠짐!!!"
"[8]"
"강남쪽이랑 미아 수유 도봉쪽에 사는분들 어디서타나요"
"[5]"
"난 노력하는것도 재능이라고 생각함"
"[3]"
"유투버 추천 좀 해주라"
"[1]"
"의정부 4번출구 앞인데 타실분  없나요.."
"[1]"
"노오-력 도 중요하지"
"[1]"
"노력해도 안 느는 사람들을 위해"
"[5]"
"갓서울"
"[2]"
"글로 트릭배우기 좌표ㅋㅋ"
"[1]"
"두달만에 타니까"
"트릭의핵심"
"[3]"
"밑에 퓽퓽글보고 가산디지털단지서 브릿지 2.9에샀어감사(+약간의정보글)"
"[2]"
"BMX 설명충 등판 요망 J HOP? Bunny Hop? 뭐가다르냐"
"[2]"
"오늘 미관에 ㅇㅇ있네"
"[7]"
"인라인 인증 괜히 했나"
"[2]"
"컬트 평일낮에 타는사람 많나요?"
"캔버스로된 보드화는 엄청 빨리 닳아? (스테판 자노스키)"
"[4]"
"여심 사로 잡은 키스장인 남자배우는?"
"[디시人터뷰] BP라니아, 다시 Start a Fire"
"내일 하오반 가야지"
"이번에 만든 옷 노모파티에서만 할인 판매함"
"[1]"
"경희대 수원캠은 어디서 탐???"
"한국남자 댄싱 특징"
"[4]"
"오늘 지하철에서 어글 들고 다니는 사람 봄"
"너거들이 스팟 안알려줘서 왕십리 다녀왔다"
"가산디지털단지에서"
"알리할 때 좌/우 발에 힘 얼마씩 분배함???"
"[7]"
"스팟이라.."
"[3]"
"여성보던데 개 잘타네 ㅋㅋ"
"[2]"
"보드 이거 존나 재밌는거네"
"[3]"
"스팟 타령좀 하지마라"
"[6]"
"서울 올라왔는데 어디서 타야될지 모르겠다"
"[5]"
"아 족발먹고싶다"
"[1]"
"와 이상이프로? 유튜브에서 앤드오버 하는 거 보는데"
"[4]"
"보더들 여태 주행 키로수 따지면 얼마나 될거같음?"
"한국 롱보드 특징"
"[5]"
"42만 인라인 인증jpg"
"[10]"
"Bmx 입문한 고삐리인데"
"[4]"
"살곶이 파크 킥플립"
"[2]"
"형들은 꿈이 뭐야 "
"[13]"
"이거 신발 260은 없는거야?"
"[1]"
"지름"
"[3]"
"빨강 파랑 bmx??"
"[4]"
"보드입문햇는데  창피해서 연습못하겟다"
"[14]"
"데크 그래픽 골때리는거 올려봄"
"[1]"
"성인되면"
"[12]"
"롱보드 슬라이드 하는 얘들잇나"
"[3]"
"비엠엑스검색하다 유툽에서 ㅂㅁㅇ 여성라이더"
"[4]"
"보드 입문했는 데 이천분들은 없나요?"
"[6]"
"여심 사로 잡은 키스장인 남자배우는?"
"[디시人터뷰] BP라니아, 다시 Start a Fire"
"베어링 청소법&재료들.link"
"[2]"
"보드입문해따부산형들"
"[1]"
"유채색으로 화려한 비엠엗스 가지고싶다"
"[3]"
"입문했다 보드삿다 뭐부터연습하면되냐?"
"[11]"
"다이소에 슈구 대용품 싼거 있대"
"[3]"
"짐 입문 보드사러 명동왓는데"
"[8]"
"보드 타고 돌아댕기면 안되는 이유."
"[4]"
"슈구 콧물색 vs 흰색"
"[9]"
"house of vans "
"광진구분들은 보드 어디서탐?"
"[1]"
"진짜 보드타면 사우나 한 느낌 남"
"[3]"
"반스 프로 4만7천원에 팔던데.. 이거 싼건가?"
"플랫으로 스트릿기술 치면 크랙이 잘나양?"
"[2]"
"걷기 싫으면 인라인 타라 "
"걸어다니는거 존나싫어하는데 보드타면 좀 나을까?"
"[16]"
"미니하프 4일차"
"[4]"
"형들 보드 도움좀"
"[2]"
"프레임 박살날걱정하면"
"[4]"
"갤에서 프레임빠갈나신분들은 얼마나타신거임?"
"[2]"
"프레임 터트려먹고"
"[6]"
"헐 충격적인거 발견함"
"[4]"
"쇼핑몰에 데크 스펙을 안적어 놓으니까 불편하네"
"수시원서접수도 끝냈겠다, 바람도 좋겠다"
"[2]"
"트럭 사이즈 어디 적혀있냐??"
"[3]"
"언노운 롱보드 어떤가요"
"[10]"
"살곶이 파크는 이시기에 벌레 되게 많은듯"
"[4]"
"롱보드슬라이드하다가 넘어졋다"
"내 글 왜 지워졌냐"
"[1]"
"부산 실내미니파이프 오픈"
"[8]"
"솔직히 주욕보단 5BORONYC"
"[2]"
"여심 사로 잡은 키스장인 남자배우는?"
"[디시人터뷰] BP라니아, 다시 Start a Fire"
"엊그제 저녁 광주 선암동 파크 후기"
"[2]"
"아래에 동영상"
"[1]"
"ㅁㅊㄷ ㅁㅊㅇ.. "
"[1]"
"쥬욕영상이다"
"[4]"
"밑에 데크 추천글에 주욕에 많던데 다른 데크랑 어떻게 다름?"
"[15]"
"서면 엔제리너스 앞도 스팟이야?"
"[1]"
"그립 바꿔야함?"
"[6]"
"형들 미관광장이"
"[4]"
"휠 잇짜나"
"[6]"
"부산,경남 형들!!"
"[3]"
"보드가 진짜 할 수록 는다"
"[1]"
"엑갤 개씹똥글 top3"
"[2]"
"데크추천 좀"
"[16]"
"롱보드로 알리같은거하려면"
"[4]"
"로컬샵을 서폿하기위해 덱을 사러 가지요"
"[3]"
"스켑보드에 소프트휠 54면 잘 굴러 감?"
"[4]"
"아씨발 엑갬갤 좆망갤 거지같네"
"[3]"
"이제 컬트 평일에 안타나요?"
"소프트휠 얼마정도 해??"
"[6]"
"살곶이 파크에서 혹시 강습하는때 있음?"
"[2]"
"보드 주행만으로도 재밋어??"
"[6]"
"노모파틴 추석&연휴 기간에 엽니까??"
"[9]"
"꾸준한 똥글"
"[4]"
"인라인 전용구장이라고 보드 못타게 하네"
"[4]"
"노모파티"
"[1]"
"헝님들  질문받아라"
"[11]"
"덩가스"
"[5]"
"사진기자님이 찍어주신 사진"
"[6]"
"ka3 suede ox"
"ka2 좌표간다"
"[4]"
"여심 사로 잡은 키스장인 남자배우는?"
"[디시人터뷰] BP라니아, 다시 Start a Fire"
"콘스 ka2 는 도데체 어디서 사는거여"
"[4]"
"보드 2일차인데 불광천부터 한강스팟까지 갖다옴"
"[1]"
"대리석에 페그 긁으면 불꽃 튀는게 너무너무 멋있다 "
"아 드뎌 주행알리 성공했다 ㅋㅋㅋ"
"[2]"
"솔직히 틱택, 엔드오버 이런건 따로 죽어라 연습안해도 된다. "
"[6]"
"무식이횽은 사라졌군"
"[1]"
"형들 알리존 말고 신발앞이 닳아서 고민이야"
"[3]"
"도와줘요 준게이"
"[5]"
"유학생형"
"[2]"
"질럿옹 소환해봅니다."
"[4]"
"검정 자노스키가 너무 신고싶어서"
"[8]"
"스팟 보수 질문똥"
"[2]"
"오늘 뚝섬 사람 엄청많았다"
"[2]"
"아시발BMX프레임"
"[8]"
"보드만큼 남 눈치보면서 타는 것도 없다 사실."
"[7]"
"롱보드는 어떻게 멈추나요?"
"[4]"
"롱보드 슬라이드질문"
"[1]"
"롱보드 타는 애들은 두세명만 연습하고 나머지는.."
"[2]"
"시-져 님께 질문"
"[2]"
"540플립 할줄아는 사람?"
"프로스케이트보더 중에서 페이커같이 압도적으로 잘나가는 사람 있음?"
"[8]"
"bmx 금가면 용접하면되냐"
"[3]"
"날씨가 좋다"
"보더들 파크에 어반 어떻게생각함?"
"[7]"
"크루저보드 !!"
"[1]"
"쒸,,,펄,,, 환기구 올라갔다가 내려왔는데 이유도없이 자빠졌다 "
"[3]"
"아시발 껌"
"[2]"
"보드 처음살려고하는데...질문 좀"
"[5]"
"메가스핀 이렇게 하면됨 ㅋㅋ"
"[1]"
"플립 이쁘게 타고싶다!!"
"[5]"
"여심 사로 잡은 키스장인 남자배우는?"
"[디시人터뷰] BP라니아, 다시 Start a Fire"
"메가스핀 팁좀"
"[6]"
"보드빠져서 크루져 지를때가 엊그제같은데"
"서면 스팟에서 쫒겨남ㅅㅂ"
"[7]"
"크루저보드 제작"
"[10]"
"노즈봉크 어케하냐?"
"[13]"
"고려대 세종캠퍼스 with PROJECT X"
"[6]"
"전동 크루져보드는 없나양"
"[3]"
"야 날씨 존나 조오타"
"[1]"
"베어링 어느정도 주기로 관리해야 해?"
"[11]"
"이제 보드탈수있어요!"
"[8]"
"자전거 고수 잇슴?"
"[11]"
"데크 하나 얼마나써?"
"[7]"
"주행알리할 때 몸이 자꾸 뒤로 쳐짐.."
"[8]"
"앤드 오버 감이 안 온다 ㅠㅠ"
"[8]"
"엑갤에 야갤러 있냐?"
"[11]"
"액갤에 일베츙 많더라"
"[4]"
"요즘 ㅇㅇ 안보이네"
"[3]"
"새벽2시에 이러고있다"
"[3]"
"보드 타고 알리 제대로 시작한지 한 1년째 되가는데"
"림테이프 필요함?"
"[9]"
"칼하트 킥플립"
"[10]"
"랙킹영상 투척"
"[7]"
"스팟"
"[6]"
"프레셔플립 하까 하드플립하까"
"[5]"
"뻘글)걸스케이터란"
"[3]"
"난 딴 기술보다도"
"[2]"
"인천서 스케이트보드 타는사람들 스팟 이야기좀 하자"
"[13]"
"서울에 스케이트보드 타러 함 놀러갈까 하는데 괜찮은 곳 있냐???"
"[7]"
"노컴 샤빗 연습 "
"[24]"
"재능에 대해 (진지, 엄격, 분석, 장문)"
"[11]"
"여심 사로 잡은 키스장인 남자배우는?"
"[디시人터뷰] BP라니아, 다시 Start a Fire"
"님들 여름에 보드 탐??"
"[8]"
"2014 wtp patron20.35판다"
"[1]"
"올만에 보드 타는데"
"[4]"
"보린이 알리 흉내"
"[6]"
"어제 핸드폰들고 틱택하다 집어던짐"
"[5]"
"한국에 보드타는사람 많나요?"
"노력 과 재능"
"[2]"
"나도 롱보지 로켓맞았다ㅋㅋㅋㅋ"
"[1]"
"음 오랜만에 엑갤 왔는데 보린이는"
"[4]"
"보린이 알리 질문"
"[4]"
"버니홉인줄알았는데 호핑"
"[11]"
"언노운 크루져보드삼 ㅎㄹ"
"[1]"
"루안같은 팝 할려면 졸라 쌔게 차는건가"
"[7]"
"스케이트보드 좆같은점."
"[9]"
"내가 생각하는 기본기 테크트리. txt"
"[8]"
"나도 초보자들에게 하는말(스케이트보드)"
"[2]"
"작은 타투는 술 먹어도 상관없대"
"[3]"
"모든 입문자들한테 말한다."
"[6]"
"개강..."
"[2]"
"샤빗이 왜 어렵다는지 알겠당"
"[1]"
" 내는 말이여~"
"[1]"
"아 시발 죽을뻔했다"
"[2]"
"보드타면서 신기한거"
"[3]"
"보드 살때 무조건 이쁜것을 사야하는 결정적인 이유"
"[3]"
"더스케잇 사이트 없어졋나요??"
"[1]"
"스케이트보드 사려고하는데 질문점요ㅠㅠ"
"[4]"
"스케이트보드 일반 길거리에서 타고다니면 소음 심함?"
"[10]"
"크루져보드 살려하는데 어떤게 탄탄하고 좋냐?"
"[5]"
"인워드힐"
"[1]"
"스팟에서 잦빨받는 와꾸되는 남자의 기분이 어떤지 알려준다."
"[2]"
"여심 사로 잡은 키스장인 남자배우는?"
"[디시人터뷰] BP라니아, 다시 Start a Fire"
"[꾸준글] 트레플립 4주차.fail"
"[2]"
"아 지하철인데"
"[8]"
"보드 입문 하려는 늅늅이인데"
"[7]"
"엑윽엑액겜갤러중애.타투한 사람"
"[11]"
"스케이트 커뮤니티 망함?"
"[3]"
"틱택못하겠네요"
"[5]"
"나이니sb rpm 백팩 초간단 리뷰"
"[14]"
"헬맷을 사야겠다"
"[2]"
"첫글 뿌직"
"[9]"
"씨발 보드 강에 빠졌음"
"[12]"
"보드화는 그냥 디자인 꼴리는 걸로 사라."
"[1]"
"보드화"
"[2]"
"보드화"
"[10]"
"skate dreams 자막 어디서 구함?"
"[1]"
"포스 로우 신고 타기 어떤가요"
"[10]"
"반스 에라 프로 구매후기"
"[10]"
"첫경험인데 너무 재밌다 ㅋㅋㅋㅋ꿀잼"
"[3]"
"트레 연습 하는데"
"[1]"
"다음주 주말 날시는?"
"아이폰 상단 회색바에 일 월 요일 나오게 어떻게 해양?"
"[1]"
"보드화 샀다."
"[6]"
"주행알리 할 때 점프뛰는 방향이 어떤거야?"
"[14]"
"림이랑튜브갈고체인자르는데 질문"
"[4]"
"배송 거의다옴 떨린다"
"[6]"
"Supra stacks 구매인증"
"[11]"
"스팟가서 스케이트보드 빌려서 알리 배웠는데"
"[3]"
"보린이 일기 #2"
"[5]"
"뉴비 첫보드 주문했다 ㅋ"
"[11]"
"질문좀"
"[3]"
"일반컨버스에 슈구"
"[5]"
"여심 사로 잡은 키스장인 남자배우는?"
"[디시人터뷰] BP라니아, 다시 Start a Fire"
"요거 보드 입문용으로 어떤지좀 봐주용"
"[4]"
"김죶키씨보세여"
"[1]"
"아니 글케 심하게 넘어진건 아닌데. 병원가야대나 ㅠㅠ?"
"[3]"
"스케잇보드 타다 넘어졌는데.. 치료방법좀 ㅠㅠ"
"[7]"
"밤바람 시원해서 잔차끌고나왔는데"
"[3]"
"보드타고 싶다"
"[6]"
"루안 진짜 쩌넹 "
"[2]"
"보드화 하나 더 주문했어"
"[1]"
"플랫횽들아"
"[6]"
"질문좀여 형님들"
"[5]"
"스티커 붙임+벽걸이 만듬"
"[2]"
"롱보드 인구가 많긴 많나보다"
"[3]"
"쏘 라드"
"[2]"
"모노파틴 모바일 언제만듬??"
"[6]"
"보드를 그냥 굴렸을 때 한 쪽으로 휜다"
"[5]"
"먼 태풍이야 ㅠㅠ"
"형들은 신발끈 잘 안끊어져?"
"[4]"
"신발 하나 더 사둘까요"
"[3]"
"샤빗 연습했음"
"[7]"
"보드화 추천!"
"[6]"
"알리로 사람 넘었당ㅋㅋ"
"[1]"
"보드 그맆테입"
"[4]"
"모노파틴에서 구매전 마지막 글인데 함봐줘"
"[13]"
"보린이 일기 #1"
"[6]"
"모노파틴 사이트에서 이렇게 사면 끝임? [수정]"
"[10]"
"풋산"
"[7]"
"175 70 인대 7.75 사면 되냐"
"[6]"
"bmx 자전거 사서 배울려고 하는데 질문좀 할게 "
"[2]"
"보드 재밌당..."
"[6]"
"보드화는 아무리봐도"
"[9]"
"여심 사로 잡은 키스장인 남자배우는?"
"[디시人터뷰] BP라니아, 다시 Start a Fire"
"기술이 다 페이키가 더 잘됨 질문좀"
"[7]"
"정강이 찢기고"
"[2]"
"수프라 stacks 27500에 삼"
"[8]"
"원래 피봇컵이 잘터지는거야?"
"[2]"
"우리나란 가을이 제일 타기 좋은듯"
"[1]"
"되새김질"
"해골만 그리고 다닐게 아니라 엑갤러들이 악마주의에서 배워야 할 것들"
"영화 베테랑 소감"
"내일부터 나도 보더다"
"[9]"
"섹스.."
"[2]"
"형들 보드화 직구할때 아마존에서 직구하는거 맞지?"
"수프라 신발중에서"
"[1]"
"형들은 보드화살때 어느 사이트에서 사?"
"느루 블랭크 컴플릿 인증"
"[6]"
"유동인데 입문용 보드 추천좀 해줘"
"[5]"
"엑스겜할때 쓰는 보호대중에 킥복싱할때 쓸만한것도있나요"
"[2]"
"애들아 슈프림 비싼게아니다"
"[2]"
"알리할때마다 어깨돌아감.."
"[6]"
"닉값하고싶다."
"[4]"
"얼마전 POP DAY 행사 한거 동영상 가져왔다."
"[6]"
"밴드 혁오의 오혁도 BMX타나보네?? "
"[9]"
"보드 존나 재밌다!"
"[3]"
"입맛이 싸구려라 정말 행운이다"
"[2]"
"미세하게 펑크난거같은데"
"[9]"
"핸드보드 파는곳 좀 알려줘"
"[9]"
"요청에 의한 맥데이비드 195r 간단리뷰"
"[10]"
"느루 블랭크컴플릿 샀다"
"[6]"
"어제탄거"
"[3]"
"사실 이건 기억해야된다 정말"
"[1]"
"(etcetera 보호대) 제일 궁금해 할꺼 같은 착용법 & 부피"
"[3]"
"여심 사로 잡은 키스장인 남자배우는?"
"[디시人터뷰] BP라니아, 다시 Start a Fire"
"etcetera 발목보호대 간단 후기"
"[2]"
"내가 ㅇㅇ 을 보고 비유하자면"
"[1]"
"4일뒤면 개학이다.."
"[5]"
"병먹금 캠페인"
"[2]"
"지기 싫어서 바득바득 우기는거봐라"
"[8]"
"라이더즈 데크"
"[3]"
"야 진짜 포저계의 최강은 핑거보드 아니냐?????"
"[7]"
"내 몸에 비타민같은 취미가 있고"
"[7]"
"보빨이라도 열심히 한다는건 생의 의지가 있단거고"
"[1]"
"etceteta 보호대 왔는디 1쌍이 아니라 1개 들어있네"
"[3]"
"나도 광복 70기념"
"[2]"
"엑갤에 올바르다고 여겨지는 가치가 있다면 그게 항상 올바르다고 해야할까"
"[8]"
"광복70이던데"
"[5]"
"혹시 고양에서 타면"
"[3]"
"스켑을 타고싶은데 아스팔트 주행감 ㅆㅎㅌㅊ"
"[8]"
"하 배고파.."
"[3]"
"만식아 만순아"
"진정한 엑갤러는 ㅇㅇ 아니냐"
"[1]"
"ㅇㅇ은 허언증만은 100%확실하다"
"[7]"
"보드 재능보다는 노력이라고 말하는 새끼들 특징"
"[9]"
"살로몬 옷이나 신발 괜찮나요? "
"[3]"
"알리존 터지는게 그립때문임?"
"[2]"
"알리고자들을 위해 알리 잘하는 방법 알려준다."
"[4]"
"[꾸준글]트레플립 2주차"
"[4]"
"알리 순간포착"
"[4]"
"내가 bmx랑 스켑 둘다하는데"
"[7]"
"보드 노력보단 재능이라고 하는새끼들 특징"
"[6]"
"이제 보드를 사는 좆병신 개 초보자 쫄보새끼다"
"[8]"
"형들 질문좀 받아줘요 스켑 교체 등등"
"[2]"
"ㅇㅇ"
"[7]"
"여심 사로 잡은 키스장인 남자배우는?"
"[디시人터뷰] BP라니아, 다시 Start a Fire"
"따지고보면 니네도 다 포저임"
"[5]"
"형들 킥플립 입문 좀 도와줘"
"[10]"
"육사보드 양도한다 택배비만 내라"
"[9]"
"킥플립 질문좀"
"[5]"
"보드는 주구장창 타는 것보다 "
"처음부터 구글로 검색해볼껄"
"[12]"
"시화에서 타는 사람 없냐"
"[2]"
"워크 더 도그"
"[4]"
"와 ㅅㅂ잠깐만;;"
"[5]"
"피블한다음 탈출할때 옆으로 바니홉 쳐야해여??"
"[1]"
"보드 안타는데 잘타는 척 하는게 포져지, 옷 신경쓴다고 포져가 아니다."
"[11]"
"옷을 그지같게 입든 뭐든 "
"[3]"
"뚝섬에서"
"[1]"
"게이들아 포저라고 까지만말고"
"[20]"
"글로브 스켑화."
"[6]"
"포져"
"[5]"
"천안에는 보드파는곳이 없나요?"
"[11]"
"갤이 죽은거 같아도 질문글 올리면 받아주나요?"
"[4]"
"더스케잇 사이트 폐쇄됨????"
"[2]"
"모노파틴에서 반스 할인중이네"
"[1]"
"킥플립 앞발 점검용"
"[3]"
"bmx 타는 형들"
"[3]"
"킥플립 감 또잃었네 썅!"
"[3]"
"10년전에 타던사람인데 다시 타려고 질문좀"
"[5]"
"롱보드/스케이트보드 다 타는사람 있냐???"
"[6]"
"보드혼자 타면 많이 안느냐"
"[12]"
"엔드류 바이크 오피셜 하러왔는데"
"[2]"
"보드에서 삐걱삐걱 소리나는데"
"[2]"
"개촙 보드입문자입니다 질문"
"[11]"
"하프캡 감을 못잡겠다...."
"[5]"
"여심 사로 잡은 키스장인 남자배우는?"
"[디시人터뷰] BP라니아, 다시 Start a Fire"
"보드가 BMX보다 안좋은점"
"[7]"
"포저 실력상향선이 어디냐??"
"[9]"
"보드 살려고 깔짝대는 개병신 초보자인데"
"[3]"
"그놈의 포저소리 지겹지도 않냐"
"[7]"
"이거 크루저야??"
"[3]"
"요샌 포져색기 없는 줄 알았는데"
"[8]"
"오ㅔ 안뜨니"
"[4]"
"미안 비번 까먹음"
"[1]"
"이게 익스트림이지"
"요즘 스켓 행사 없나얌"
"[1]"
"육각렌치로 가구만드는 놈들은 제정신인가"
"[2]"
"아이고 사는것도 힘들지만 죽는것도 힘들구나"
"[2]"
"아직도 라이더즈 사란 얘기가 갤에서 나오네"
"[8]"
"아직 보드도 안 산 개병신 초보자새끼의 보드화 질문"
"[6]"
"완전 개초보자 입문 스케이트 보드 구매좀 도와주라"
"[9]"
"인터벌 트레이닝이 좋긴 좋네"
"자지보호대를 하면 머리를 다치고"
"[1]"
"ㅇㅇ 근황"
"뭘 쳐다보냐 인라인 타는 사람 첨 봐"
"[2]"
"BMX 브레이크"
"[2]"
"신발외관 시망..."
"[6]"
"DC 슈즈 이 자식들 뭐 하는 짓거리임"
"[2]"
"엑겔 초심 잃었타"
"[1]"
"신발 수선집에 보내보려했는데.."
"각 종목별 분석"
"[7]"
"내가 요즘 하는 생각"
"[1]"
"ㅅㅂ"
"준게이!"
"[5]"
"풍악을 울려라 ㅅㅍㅅㅍ!!!"
"[2]"
"성남인들 부처핸썸"
"[2]"
"여심 사로 잡은 키스장인 남자배우는?"
"[디시人터뷰] BP라니아, 다시 Start a Fire"
"국산만세다"
"[2]"
"멋쟁이들이네"
"하..."
"보호대 가성비류 최강"
"[6]"
"이런 타입 보호대 타고 보드 탈수 있음???"
"[3]"
"복숭아뼈 보호대"
"[3]"
"한번씩 라이더즈 어플 구경하는데"
"[6]"
"바니홉 떴다!"
"[3]"
"헐 이게 가슴인가 수박인가....jpg"
"[3]"
"비쫌내리고 나니까 겁나 시원해졌네"
"이런 상태로 타는건 좀 오번가??"
"[9]"
"엑겔 주요활동유저 분석"
"[18]"
"프레셔플립 하고싶다"
"[1]"
"혹시 아디다스 슈퍼스타로 보드 타보신분?"
"[5]"
"쫄보는 발뺌한다"
"[3]"
"알리 연습하다가 발목 퉁퉁 부었다 ...."
"[11]"
"노컴 뭐시기"
"[15]"
"보드 잼따"
"맨날 파쿠르만 하다가 보드도 타보니 꿀잼이네요"
"[6]"
"22인치 미니크루져로 언덕 내려가기"
"[6]"
"크루져보드 타는 사람인데 스케이트보드 타는게 맞는지좀 봐주세요"
"[11]"
"나는 이제 도닦아야지...."
"[1]"
"좆같이 더운 밤이구나"
"[2]"
"저기아래 bmx 허브 좆됐다고 글쓴사람인데요 "
"[7]"
"젠장 반스 슬립온 빠큐머거라"
"[6]"
"아까 글 올렸던 사람인데 트럭질문좀"
"[4]"
"ㅎㅎㅎ"
"[1]"
"주행 킥플립"
"[4]"
"요즘 대딩들 인라인 안 타냐"
"세상이 좆같네 운동으로 극복해야지"
"여심 사로 잡은 키스장인 남자배우는?"
"[디시人터뷰] BP라니아, 다시 Start a Fire"
"동사리 보세요"
"결혼하고 취직하면 좋을꺼같지?"
"[2]"
"옛날에 타던사람인데 질문좀 휠크기 데크 크기(넋두리 있음)"
"[5]"
"검도와 복싱과 인라인 배드민턴 사각관계"
"[1]"
"인라인은 우인사가라니 매너없네"
"[2]"
"오키로 정도 달리면 무릎통증이 시작된다"
"[1]"
"가정 내에서의 수직적인 권력구조"
"엑갤성님덜 펀박스 제작 관련 질문"
"[7]"
"원래 보드슬라이드가 5050보다 쉬움?"
"[4]"
"선생님들 기술 이름 좀 알려주세염"
"[7]"
"파워슬라이드 질문"
"[4]"
"플랫 준게이! 뭐하나물어봄"
"[3]"
"아 bmx앞바퀴가 안돌아가영"
"[5]"
"보통 알리 얼마정도 연습해야 하냐???"
"[23]"
"흰둥이 검둥이."
"[1]"
"윾엒 내 무릎...."
"[3]"
"덤프위드 프렘 샀음"
"bmx 티타늄 프레임이 있는데 궁금한점.."
"[3]"
"아직 미관광장에서 타고있나 지금 왔는데"
"날씨좋다"
"[4]"
"아 abc마트 찾고 슈구사느라 시간 너무많이썻네"
"[1]"
"갤럼들아 알리존에 슈구 바를때 투명쓰냐 흰색쓰냐?"
"[8]"
"인라인 샀는데 존나 속상한게"
"[1]"
"캬 결국 인라인타다가 다 접게 됨"
"[1]"
"담주에 울산~포항 해안길 인라인으로 한번 찍고오려는데"
"[4]"
"예전엔 스트릿인라인이 재밌었는데"
"[3]"
"인라인이 자전거보다 휴대성이 좋지"
"인라인들고 여행이라 참 오래됐네"
"[1]"
"자전거여행처럼 인라인들고 여행다닌 갤러잇니"
"[2]"
"고양 일산 타는 사람 있냐 고양?"
"[2]"
"여심 사로 잡은 키스장인 남자배우는?"
"[디시人터뷰] BP라니아, 다시 Start a Fire"
"으아앙..ㅠ 이거잃어버렷는데 어캐행..ㅠ??"
"[3]"
"베어링 말야"
"[3]"
"아아 시발 오랜만이다"
"데이터주의)스케이트보드움짤"
"끆...  보드타야되는데 몸팔고옴"
"[3]"
"GG형 궁금한거"
"[1]"
"형들 서로서로 좋게 가격후려치는 보드화 있으면 말해주자"
"[6]"
"형들 보드 입문자라서 질문이 너무많아.. 한번에 정리할꼐 초보좀 도와줘ㅠ"
"[4]"
"형들 가성비 좋은 보드화좀 알려줘 쪼들려 죽을거같아ㅠㅠ"
"[9]"
"댓글로 DCW 이거 쓰던데 뭐임?"
"[4]"
"ㅇㅇ주의보"
"엄마가 음료수값 안 부쳐준다"
"[1]"
"이 새끼들 어린 것들이 덥다덥다 "
"오늘 스팟가서 로컬샵에서 주최하는 강습 받음 ㅎㅎ"
"[15]"
"해외직구 배송비에 대해서 질문드립니다"
"[16]"
"보드탈 때 시비붙으면"
"[1]"
"하앍"
"형들"
"[7]"
"하앍하앍 "
"[3]"
"노컴영상"
"[2]"
"보드 타러 온나"
"[3]"
"오늘 일산에서 스켓탈놈있냐 고양고양"
"[13]"
"[꾸준글]트레플립 5일차"
"[8]"
"내일 춘천 가는 게이?"
"[5]"
"불금이라 그런가"
"[1]"
"반스X인디펜던트"
"[12]"
"역시 플랫은"
"[3]"
"알리질문"
"[9]"
"보드 트릭중 으뜸은"
"[9]"
"test_2"
"[1]"
"여심 사로 잡은 키스장인 남자배우는?"
"[디시人터뷰] BP라니아, 다시 Start a Fire"
"test_1"
"[꾸준글]트레플립 4일차"
"[10]"
"보드화 수선해서 타본사람 있냐"
"[7]"
"오늘 중랑천 녹천교아래 스팟 전경 (10시경)"
"[1]"
"오늘 bmx 프레임 와서 조립했는데 궁금한점"
"[3]"
"ㅇㅇ뭐 잘못먹음?"
"[4]"
"1기"
"[3]"
"킥스쿠터"
"[4]"
"폭염같은 소리하네 태양을 불싸질러버리겠다"
"[3]"
"보빨학개론ㅡ외면적 합의와 내면의 갈등"
"오늘 ㅇㅇ"
"아 존나 입맛은 없고 뭐 처먹음 좋을까"
"관종 불평분자 어그로가 메인인게 디시다 "
"[4]"
"아 참 씨팔 더위 안 타는 편인데 욕나오네"
"내가 누군지 알면 뭐?"
"[2]"
"유통마진이 어떤건지 하이마트를 예로 들어줌"
"렛지 영상"
"[7]"
"ㅇㅇ의 정체"
"[2]"
"ㅇㅇ 누군지 나도 알고있다 ㅋㅋ"
"어제 뚝섬에서 보드타신 훈훈한 남자분 혹시 엑겔 하시나싶어 글올려봅니다!"
"[16]"
"일산역 기찻길 공원 평가"
"[6]"
"손목부상 ㅠㅠ"
"[1]"
"보빨이 뭔지 알거같다"
"[5]"
"얘들아 나 ㅇㅇ이 누군지 알거같음"
"[11]"
"엑갤에 뭐이리 섹스충이 많은거같냐"
"[1]"
"돌았네 씨밸 6각렌치 사야된다"
"[2]"
"게이형들 봐봐"
"[10]"
"섹스경쟁에서 낙오된 찌끄러지들이 보빨러 욕함"
"[1]"
"74데이에 74하고 69데이에 69하고"
"ㅇㅇ님아"
"여심 사로 잡은 키스장인 남자배우는?"
"[디시人터뷰] BP라니아, 다시 Start a Fire"
"폭염주의보 좋아하네"
"[3]"
"다쳤다고 하니까 엄마가 인라인타지말래"
"[1]"
"폭염주의보 발령"
"빠구리를 피해서 판때기위로 도망간 아다새끼들"
"[3]"
"보드에 바퀴가 왜 필요함?"
"[5]"
"세상만사 섹스지마이거늘"
"[1]"
"오늘은 ㅇㅇ이 좀 날뛰네"
"[3]"
"커브드 티비 사고 싶다"
"사는건 다 그런거야 뭐 특별히 우리 인생이"
"스켓맨들앙 질문좀"
"[5]"
"인라인말고 재밌는게 없구나"
"[1]"
"근데 보드말이야 일반바퀴랑 우레탄차이가머닝"
"[5]"
"전세금 때문에 대출 존나 땡겼는데"
"[5]"
"엄마가 용돈줄꺼처럼 하더니 됐다니까 안준다"
"어제 인라인도로 달렸는데 기분 좆나 좆터라"
"이삿짐싸기 귀찮아 아아악 ㅋ"
"트레플립 3일차"
"[6]"
"헐 원래 보드는 우레탄에서 타는게 아니구나"
"[4]"
"서양이라고 무조건 보드타기 좋은 조건은 아닌듯"
"[1]"
"캐나다 한도시의 파크방문해보았음"
"[4]"
"7시반~8시 사이에 뚝섬 가도 사람 많냐??"
"[4]"
"유동 ㄹㄴ 필독)플랫은 어떤걸 사야하는지 알려줌"
"[2]"
"ㅇㅇ은 사실.."
"ㅇㅇ는 봐라"
"안녕하세요"
"bmx 질문몇개"
"[5]"
"오늘의일기"
"진심을 담은 어그로가 진짜 어그로"
"[4]"
"동네앞 파크에 혼자 와서 연습중인데 차도가 없다 ......"
"[7]"
"플랫랜드는 도대체 어디서사야되냐?"
"[11]"
"여심 사로 잡은 키스장인 남자배우는?"
"[디시人터뷰] BP라니아, 다시 Start a Fire"
"ㅇㅇ주의보 발령"
"[3]"
"아 개 키우고 싶다"
"[4]"
"아 이사짐 싸기 구찮다"
"그래 보드는 니가 다 해처먹어라"
"[1]"
"ㅎㅈ이 말하는 일산역 공원이 어디여"
"[4]"
"ㅇㅇ의 어그로를 끄는방법"
"[2]"
"난... 모노파틴이 좋다....."
"[1]"
"오늘도 좆나게 덥구나"
"보빨에 무슨 방법이 있나"
"예전에 부산 놀러갔을때 저새끼가 하는 매장에"
"[3]"
"부산 'POP DAY'행사"
"[9]"
"보빨 꿀팁 드림. 받아적으셈. "
"[13]"
"인터넷 용어 문의"
"[1]"
"나도 보드타고 오늘의 일기 쓰고싶다"
"[8]"
"베리얼킥"
"[3]"
"냉장고 바지 입는거 또라이 아님?"
"[10]"
"8월 4일자 힐플립 현황"
"[3]"
"나도 오늘의 일기"
"[3]"
"오늘의 일기"
"니뽄걸 데쓰!"
"[2]"
"원에리하다가"
"우리동내 초딩꼬마가 보드잘탄다고 하는 애가..."
"[10]"
"푸쉬오프 앞발 위치.."
"[3]"
"여기는 동영상 올릴때 어찌 올려?"
"[2]"
"180하고 슬릭 길게 하면서 페이키 치는방법좀 알려주세요 형들 "
"[3]"
"늒비 인사드립니다"
"[6]"
"아 요즘 개슬프다 ㅠㅠㅠ"
"[8]"
"광주 유스퀘어 앞에서 보드 타도 돼?"
"[4]"
"레알스트릿"
"[3]"
"트레플립 2일차 // 후기"
"[3]"
"여심 사로 잡은 키스장인 남자배우는?"
"[디시人터뷰] BP라니아, 다시 Start a Fire"
"트레플립 2일차"
"[8]"
"아디다스 스탠스미스 벌크 리뷰"
"[2]"
"높은 트럭에서 낮은트럭 갈아탄사람?"
"[2]"
"보드 많이 타면 살 빠짐?"
"[5]"
"시작"
"[8]"
"존나 덮네 씨팔 "
"[1]"
"이번에 이사하는데 좁은 집으로 이사해서 가구 새로 다 사야해"
"[3]"
"그러게 말이다 언제 디씨가 어그로 없는거봤냐 그럴꺼면 카페로 꺼지던가"
"[3]"
"야노스키"
"해 뜰 때 보드 타는 건 시간 낭비"
"[2]"
"병신같으면 지가 안들어오면 되지 왜 씨발 꼭 염병임?"
"[1]"
"힐플립여태연습중인데"
"[3]"
"엑갤 존잼인듯"
"[1]"
"나도 존나 미치긴했구나"
"[4]"
"폭염에 빡보딩 후휴증 개오진다"
"[4]"
"ㅇㅇ 출몰 ㅇㅇ 출몰 "
"[5]"
"아이고 양아치들아 몸조심해라"
"[7]"
"시대를 너무 앞서간 라이더즈 트릭팁"
"[4]"
"트레플립 연습 1일차 // 피드백 부탁!!"
"[12]"
"보드는 무슨 운동이될까?"
"[6]"
"커스텀 질문"
"[1]"
"아래 라이더주 트릭팁 쓴 놈인데"
"[4]"
"형들 크루져보드입문할려하는데"
"[3]"
"ㅇㅇ주의보 발령"
"[4]"
"xgame이 왜 병신같은지 보여주는 동영상.avi"
"[1]"
"형들은 바니홉 하면 안쫄리나요 ㅠㅠ"
"[1]"
"나는 왜바니홉하면"
"[3]"
"헝정의 성장일기 : 킥플립 편"
"[8]"
"라이더즈 트릭팁은 뭔가 쓸데없이 복잡한거같다"
"[21]"
"스팟 한번 가보려는데 해 지고 가야함????"
"[5]"
"여심 사로 잡은 키스장인 남자배우는?"
"[디시人터뷰] BP라니아, 다시 Start a Fire"
"나도 빠스핀 하고싶다 빠아스핀"
"형들 팁좀부탁해"
"[3]"
"천안보더들 어디서 타나연"
"[1]"
"샤빗 연습하다가 엔드오버 다시 해보니 멘붕"
"[3]"
"부상당했다"
"[3]"
"라쳇소리 씹 땅크한 허브 추천좀"
"[3]"
"7월 31일자 뉴트릭"
"[7]"
"스케이트보드 의류 유명 브랜드 뭐 있냐??"
"[4]"
"끊어 돌아도 엔드오버라 할 수 있냐???"
"[4]"
"내가 보드를 왜 쉬었을까"
"허접하지만 fs180 팁"
"[4]"
"스케이트보드 관련 사진"
"[2]"
"원에리 팁좀 주세요오"
"[5]"
"동영상"
"[7]"
"7월 30일자 뉴트릭"
"[13]"
"샤빗 질문점"
"[5]"
"자전거를 타러 나갑시다!!"
"왜 난 1년동안 BMX 접었을까"
"뭐여"
"각자 데크 한마디씩 하고 가자 (특징 무게 두깨 등)"
"[4]"
"니들 보드탈때 안무섭냐?"
"[6]"
"휠바이트인지 아님 내가 뭘 잘못하고있는지 잘 모르겠어요!!!"
"[7]"
"트레플립 팁 좀"
"[10]"
"보드 노즈에 복숭아뼈 계속 처박는데 "
"[6]"
"컨케이브 높으면"
"[2]"
"bmx 사이즈에 관하여.."
"[9]"
"밥먹어야지"
"형들 보드 데크에 물묻거나 그러면 그냥 ㅈ되는거 아니야??"
"[4]"
"틱택 연습하는 늅늅인데 질문좀 하자"
"[6]"
"오늘"
"[7]"
"여심 사로 잡은 키스장인 남자배우는?"
"[디시人터뷰] BP라니아, 다시 Start a Fire"
"대전 스팟 넘하네.."
"[3]"
"형들 스켑 ㅈ뉴빈데 질문좀 받아줘"
"[8]"
"ㅇㅇ주의보 발령"
"[4]"
"인라인도 못타겠다 넘 더워서"
"[3]"
"보드는 유산소 운동일까 무산소 운동일까?"
"[2]"
"아 좆됐다"
"아이폰 쓰는데 동영상 어캐올림??"
"[3]"
"트럭 투표좀 제발..."
"[9]"
"영상 올리라 해서 올려 봄"
"[14]"
"이제 스팟 나왔는뎅"
"아ㅋㅋㅋㅋㅋㅋㅋ 생각해보니"
"[8]"
"찍 쌌다가 다시 시작했는데 질문 좀"
"[5]"
"요즘 하루하루가 스트레스다.."
"[1]"
"스켑 뉴비다. 질문 던지러 옴."
"[7]"
"면 긴바지 입고 보드타는게 가능해???"
"[13]"
"안녕 형들 스켑뉴비야"
"[15]"
"미니로고 베어링 좋음?"
"[1]"
"엑슬너트 다들 최대치로 쪼이나요?"
"[3]"
"이 날씨에 30분 이상 타는 놈들은 뭐냐?"
"[4]"
"라이더즈 샤빗 트릭팁 ㅆㅅㅌㅊ"
"[4]"
"보드 7일차"
"[1]"
"보호대 뭐가 나아보이냐??"
"[7]"
"안쌌어....."
"[6]"
"힐플립 아다때고 한달간 모음"
"[4]"
"데크 나온게 자랑"
"[20]"
"단독주택 마당에 파크"
"[13]"
"오리온 트럭 써본사람 소감좀 말해줘요"
"[1]"
"파크ㅡ탈건데"
"[7]"
"보드탈때 긴양말 신는이유 어제 처음알았음.... "
"[9]"
"결정장애"
"[3]"
"여심 사로 잡은 키스장인 남자배우는?"
"[디시人터뷰] BP라니아, 다시 Start a Fire"
"틱택할 때"
"[7]"
"무릎 아프던거 다 나아간다"
"[1]"
"헤헿 틱택성공"
"[3]"
"아 진짜 살기 싫다"
"[3]"
"12개월 할부 안 해준다네 울고 싶다"
"[6]"
"법륜스님이 대충 살아도 된다고해서"
"[4]"
"처음으로 파크가서 한시간반 타고왔다"
"[14]"
"오늘 이천 온천공원 가는분있음??"
"[1]"
"바니홉 어떻게 이렇게함 ㄷㄷ"
"[3]"
"액겔은 사람들이 착한듯"
"[1]"
"아무리 개판이라지만"
"[1]"
"캡짜증난다 "
"[4]"
"모노파틴이 유동안티를 만드는 이유.분석"
"[4]"
"접때 부산 모노파틴 매장 근처 지나갔는데"
"[5]"
"파크공사해본 형들있어??"
"[10]"
"오늘 글올라온게"
"[4]"
"발 280이면 스케이트보드 몇 인치 타야됨?"
"[2]"
"배고프다"
"[2]"
"안녕하세요"
"[2]"
"올드스쿨 트릭은 머임?"
"[8]"
"주문했당"
"[10]"
"어떤여자가 보드 어디서 사냐 물어봄"
"[20]"
"ㅋㅋㅋㅋㅋㅋㅋㅋㅋㅋㅋㅋㅋㅋ"
"[3]"
"들고다닐 가방 검색하고 있었는데"
"[9]"
"내 이럴줄 알았다"
"[5]"
"ㅇㅇ 과 모노파틴의 관계"
"[8]"
"내 신발리뷰 어디갔냐?"
"[1]"
"샤빗 문제점좀 가르쳐주실분"
"[2]"
"라이더즈라이더즈라이더즈라이더즈"
"[3]"
"모노파틴 모노파틴 모노파틴 모노파틴 모노파틴 모노파틴 모노파틴 모노파틴 "
"[5]"
"여심 사로 잡은 키스장인 남자배우는?"
"[디시人터뷰] BP라니아, 다시 Start a Fire"
"어제 괜히 처 나갔다가"
"[4]"
"아 일하기 싫다 일하기 싷다 일하기 싫다"
"[4]"
"노모파티 스케이터 트레이너 가격 올랐네"
"[2]"
"올만에 영상하나 찍는다."
"[2]"
"스케이트 보드탈때 딱하나의 보호대를 찰수있다면"
"[6]"
"스케이트보드 11자로 스탠스할 때"
"[10]"
"이 시바 올드스쿨 깔창 존나 구리네"
"[4]"
"보드가 정말 앞뒤가 다른 거얍?"
"[7]"
"etcetera 깔창 써본사람??"
"장인어른 곧 돌아가실꺼같다"
"[9]"
"자전거 갤에 픽시떡밥"
"[3]"
"씨발 비좀안왔으면좋겠다"
"[2]"
"전세금 넘 올라서 반전세로 옮김"
"[1]"
"인라인 타기시작한지 십년 넘음"
"[10]"
"ㅇㅇ형 인라인은 2년만타도 고수소리 들어?"
"[3]"
"휴 월급받았다"
"[5]"
"아오씨발 무릎병신되서 할매할배들이랑"
"[2]"
"섹스하고싶다."
"[1]"
"손목이 병신되서 보드로 갈아타려고 함"
"[2]"
"형들 조올라 싼 신발 뭐 있을 까?"
"[8]"
"형들은 보드 어디서 탐?"
"[5]"
"보드 5일차"
"[6]"
"탈진잼..."
"[7]"
"싸우지들마 씹새들아"
"[6]"
"킥스쿠터 입문하려는데"
"[9]"
"워 존나 덥다 "
"우리나라 여름 날씨 좃같아서 안되겠다"
"[5]"
"[평론] 엑스게임은 왜 스포츠가 아니고 자해인가."
"[18]"
"나이키 블레이져 sb는 패션화임? "
"[2]"
"Budda"
"[5]"
"여심 사로 잡은 키스장인 남자배우는?"
"[디시人터뷰] BP라니아, 다시 Start a Fire"
"스켑 택틱스에서 직구했는데 X테일 배대지 썼거든요 질문좀 ㅠㅠ"
"[4]"
"신발 가성비 갑"
"[6]"
"그런다고 반스에 스폰해줄거 같냐?"
"[6]"
"며칠전부터 신발가지고 싸우는데"
"신발대란"
"지하철 후우"
"[3]"
"반스를 추천 할라면 이런거 골라줘라"
"[25]"
"쩔이행님 전 소나기를 맞지않았웁니다"
"[3]"
"울집 옆에 공원 생김 ㅋ"
"길용생각"
"[3]"
"ABC 반스중에 이거 보다 가성비 갠춘한거 있냐?"
"[10]"
"기술이름좀 알려줘"
"[5]"
"그럼 이건 튼튼하게 쓸수잇냐?"
"[13]"
"보드 앞뒤 구분 어케하냐??"
"[9]"
"스케이트보드 입문자인데 반스하 사면 얼마나 버팀"
"[4]"
"오늘 월급날인데 월급 안 주네 씨발 하 ㅋㅋㅋ"
"[4]"
"알리존 개빡친다"
"[4]"
"야노스키"
"[4]"
"엑갤성님들 택틱스에서 스켑 살껀데요 질문좀.."
"[11]"
"비엠형들 비엠타고 돌아댕길때"
"[9]"
"오늘은 국채로gogo "
"[3]"
"형들 세종시에"
"[1]"
"인라인 타고 개 끌고 산책하고 싶다 "
"[8]"
"보드화 튼튼하고 이쁜거없음?"
"[1]"
"스팟가면"
"[2]"
"안녕하십니까 형님들"
"[21]"
"불의도시 대구에 DC슈즈 파는곳있어얗? "
"[8]"
"컨셉 추천좀요"
"[7]"
"외다리 스케이트 보더"
"[10]"
"형님들 하프캡 팁 좀 주세요"
"[8]"
"여심 사로 잡은 키스장인 남자배우는?"
"[디시人터뷰] BP라니아, 다시 Start a Fire"
"[스압/혐오]주말 부산 스케잇 여행기"
"[19]"
"알리 질문"
"[4]"
"사람들한테 이게 스케잇 이다 하고 보여줄만한 영상 없음?"
"[12]"
"쿠팡 이만원 쿠폰주길래 체중계 샀다"
"[9]"
"오늘 주문한지 한달만에 보드 오는데"
"[4]"
"보드 십년만에 탄다"
"[2]"
"알리질문좀요 "
"[4]"
"bmx다시 시작한지 3년 정도 되가는데"
"[20]"
"킥플립 3회차"
"[4]"
"1박2일 부산가서"
"[6]"
"주말시간동안 노모파티에서 시간을 보냈음"
"[7]"
"이정도면 꿀스팟?"
"[5]"
"오늘 비 찔끔찔끔 와서 쫄앗는데"
"이 씨발 두류가는데 비왔다 안왔다 카노"
"주맣은 뭔 계속비가 오냐"
"[7]"
"보드 관련 일러스트나 이미지 많은곳좀 알려주라"
"[1]"
"슈뱔ㅠㅠ 이번주"
"아오 씨발ㅠㅠㅠ"
"[16]"
"보드 처음 입문으로.. "
"[2]"
"네 저는 병신입니다"
"[2]"
"형들 뭔가 킥플립 랜딩 될거가틈"
"[2]"
"자빠지자!"
"[2]"
"로컬샵은 서포트 하라지만 못하겟다"
"[19]"
"푸마 스웨이드로 스켑 타시는 분 질문"
"[6]"
"밥버거 존나맛있다 "
"[3]"
"부산와서 잠깐 들린 노모파티"
"[11]"
"충주에서 같이 타실분 없나용? "
"스리섬머나잇보고 옴"
"[3]"
"오늘 시원할줄알음"
"[2]"
"킹핀 많이 풀어도 괜찮아?"
"[5]"
"여심 사로 잡은 키스장인 남자배우는?"
"[디시人터뷰] BP라니아, 다시 Start a Fire"
"헬프유바이가 싼 이유가 뭐임?"
"[2]"
"횽들 하이바 질문 [bmx, 스켑]"
"[5]"
"나도 신발 삼"
"[12]"
"신발샀음 ㅎㅎ"
"[7]"
"대구는 오늘도 시원합니다"
"택틱스 배송속도 ㅆㅅㅌㅊ"
"[2]"
"52밀리 소프트휠은 왜 안보임??"
"[5]"
"ㅇㅇ 주의보 발령"
"[5]"
"횽들 스켑 세팅 어떻게해"
"[14]"
"십팔럼들아 니들은 땡볕에서 보드나 타고 있어라 난 영화관 가서 여친이랑"
"[7]"
"스케이트 보딩의 합리적인 행복론 : 목표는 반드시 정의인가?"
"[9]"
"나도 여자사람이랑 카톡하고싶다 "
"[1]"
"브랜드라고 맹신하지마라"
"[2]"
"형들 질문 하나만 할게"
"[4]"
"파크 트릭 못하겠다 "
"[2]"
"아 새벽보드 때리고 싶다"
"[1]"
"핥핥!! 내일모레닷!!"
"[6]"
"이애 씨이바이아아아아아알!!!!!!!"
"[14]"
"하이트럭 하나 장만하고쉽은데 에이스 어떰?"
"[5]"
"보드 입문으로 랜디야츠 딩기?"
"[24]"
"대구 오늘 존느 시원하다"
"이번주 주말에 신촌에 워터슬라이드 한데 존나 크게"
"[4]"
"아 자전거 타고싶어 ㅠㅠㅠ "
"[1]"
"아 습기"
"벤처트럭이랑 딴거 바꿀사람 없음????"
"보드 많이 흔들리는데, 부싱 바꾸면 좀 나아짐??"
"[4]"
"날씨좋네"
"[1]"
"아 온돈이 멍들어서 너무아파"
"[3]"
"원래"
"[5]"
"덱에 금갓는데 바꿔야함?"
"[4]"
"여심 사로 잡은 키스장인 남자배우는?"
"[디시人터뷰] BP라니아, 다시 Start a Fire"
"인디로우만 3개째 쓰는 입장에서 인디로우 알려드림"
"[2]"
"아 씨발!!!!!!!"
"[11]"
"강창 파크 왔는데"
"[3]"
"엑갤럼들아 커스텀으로 견적 내봤는데 좀 봐줘라"
"[22]"
"보드타러가는데"
"우앙 유저라이프 등록됐다 ㅋㅋㅋㅋㅋ"
"[3]"
"밖에 겁나 더울거같ㅇ.. "
"천안 쌍용동 with PROJECT-X"
"[7]"
"광고"
"[6]"
"진짜 궁금해서 물어보는건데 컴플릿 왜 사는거야??"
"[5]"
"비디오 나왔어요 한번 보세요"
"[18]"
"ㅁㄴㅍㅌ 불매운동 동참할 사람 "
"[4]"
"후 THPS 5 나오자마자 살거임"
"모노파틴? 여기가 개념샵임??"
"[8]"
"닉언죄)올라운드 bmx 질문글쓴 갤러봐라"
"[8]"
"무거운 보드 타다가 가벼운거 타니까 적응이 안되네"
"[4]"
"토니호크 프로스케이터 신작소감"
"[2]"
"형들 스케이트보드 하나 살라고하는대 대충 인터넷에서 구입해도 "
"[1]"
"BMX는 미니벨로 맞지?? "
"[3]"
"보드가 좀 많이 휘청거리는데"
"[3]"
"대구 BMX 평일에도 지하철탈수 있음?? "
"[8]"
"엑갤 뉴비라 잘 모르는데"
"[2]"
"지하주차장 개꿀이구만"
"[7]"
"엑갤에 다시 올 줄이야 시발"
"[2]"
"대구 수성구 수성3가 롯데캐슬 안에 파크있다던데 "
"[6]"
"자전차도로에서 얼쩡대는 보더새끼들 다 강물에 집어처넣고 싶다"
"실내미니파이프 맹그는거"
"[6]"
"틱택 팁 좀 ㅠㅠ"
"[7]"
"BMX 올라운드형? 이 있음? 스트릿과 플랫 둘다할수있는..."
"[11]"
"간간히 피도빼고 땀도빼고"
"[3]"
"여심 사로 잡은 키스장인 남자배우는?"
"[디시人터뷰] BP라니아, 다시 Start a Fire"
"크루에도 크루장이 있냐?"
"[5]"
"[리뷰] 토요일에 타다 더워서 뒤지는줄 + SB PROD6"
"[6]"
"오늘도 여전히 덥구나"
"인디랑 벤쳐 트럭 무게차이많이남?"
"[4]"
"예?"
"[6]"
"x tm 채널에서 보드나오네??"
"[1]"
"님들 여름에 탈때 어떤 벌래가 가장 ㅈ같음?"
"[13]"
"아미노 가입하셈!!"
"[1]"
"사실 요즘 많이 하는 고민이..."
"[8]"
"비같지도 않은게 계속와서 "
"[1]"
"대구 어디에 파크 있다고 들었는데"
"[1]"
"ㅇㄴ;;"
"스팟가면 형들이 잘해줌?"
"[6]"
"신기한게"
"[2]"
"이 데크 어디서 파는지 아는사람?"
"[2]"
"군대 다시 갔다오고(미필이면 한번에 군대4년) 나이쟈만큼타기 vs그냥살기"
"[7]"
"얘 어디갔냐?"
"[2]"
"피봇컵 어느순간 사라짐"
"[2]"
"트럭 정리해줌 (실제 사용기)"
"[7]"
"요새 뭐냐?"
"[1]"
"알리 가르쳐준 마틴 어딧냐"
"[2]"
"우흥 좋은아침"
"헬멧 써야하나?"
"[1]"
"롤백 페이키가 너무 어려웡"
"[4]"
"스케이트보드 기술 익히는 순서좀"
"[12]"
"스켑탈때 한쪽바퀴에서 갑자기 삐그덕 소리나는데 뭔가요ㅠㅠ?"
"[2]"
"보호대 싼것도 괜츈함???"
"[8]"
"인증한다"
"[8]"
"누가 잦이연타랑 풋산좀 데리고 가셈"
"[6]"
"2살 기저기 차고 보드타기 ! ! !"
"[5]"
"여심 사로 잡은 키스장인 남자배우는?"
"[디시人터뷰] BP라니아, 다시 Start a Fire"
"인간적으로"
"[7]"
"부랄!"
"[2]"
"남자는 역시"
"[7]"
"날씨 미쳤네"
"지금 타러 나가면 죽나?"
"[5]"
"보호구 어디서 사는게 나음?"
"[1]"
"자지가 보지를 가까이하고자함은 우주의 이치이거늘"
"[13]"
"다음주 부산간당"
"[1]"
"혹시 이 반스신발도 보드화임???"
"[9]"
"보드 평평하게 유지하는 거 연습할 때"
"[3]"
"알리뛰는순간에도 장애물보는거 맞나?"
"[4]"
"테일휩 할때 말이야."
"[4]"
"2시간째 타는중"
"[2]"
"스케이트보드 타는 할아버지"
"[7]"
"땀이 많이나는 사람들은 체모가 많다"
"[5]"
"알리 질문좀요"
"[4]"
"연습대행"
"[9]"
"애인대행 010 9565 3744"
"[9]"
"장마철"
"[1]"
"제가 원래 차분하고 차를 좋아하고 꽃도 좋아하고 책을 사랑하고 "
"[6]"
"알리 질문좀 받아주라"
"[4]"
"스케이트보드 탈 때"
"[4]"
"그냥 소프트휠 포기하는 게 나을 듯"
"야노스키 발볼 금방 넓어진다던 새끼 누구냐?"
"[6]"
"모노파틴 샵 사진볼 수 없어???"
"[1]"
"틱택 연습중인 뉴비입니당"
"[10]"
"힐플립과 밀땅중 (부제 : 나보다 땀많이 나는 사람 찾습니다)"
"[8]"
"모노파틴이 뭐?"
"[1]"
"보드에서 삐걱대는 소리 나는데"
"[3]"
"길용아 "
"[3]"
"여심 사로 잡은 키스장인 남자배우는?"
"[디시人터뷰] BP라니아, 다시 Start a Fire"
"침뱉는새끼들 좆나 짜증"
"보드 웨스트게이트처럼 탈수있게되기 vs 매일 다른여자랑 떡치기"
"[12]"
"오우예에에에에에"
"[1]"
"여전히 롱보드, 크루져 존나 까이는구나 ㅋㅋㅋㅋㅋㅋㅋㅋㅋㅋㅋㅋㅋㅋㅋㅋㅋㅋ"
"[9]"
"뚝섬에"
"[10]"
"부산 센텀 보드타기 존나 좋은듯"
"[3]"
"오늘 뚝섬에서"
"[1]"
"보험광고 아니라고 개객기들아"
"[4]"
"원주에 스켑 탈만한 곳 없음??"
"[4]"
"돈모아서"
"[1]"
"춘천 공지떴다."
"[3]"
"알리성애자 이사람 닮았음"
"[3]"
"이런"
"[4]"
"오늘은 깐풍기에 소주를 했음니다.."
"[4]"
"부상대비 보험 들만한데 없음??"
"[1]"
"비도오고 하니 배달음식을 시켜볼까 "
"[3]"
"조만간 체인 바꾼다"
"[1]"
"비가 오는거야 마는거야 아오"
"[2]"
"킥플립. 궁시렁. 하아."
"[5]"
"캬 갓틱스 ㅋㅋㅋㅋㅋ"
"[6]"
"실력으론 까도 얼굴은 까지말자."
"[9]"
"부포니랑 섹스하고싶다!!!!!!!!!!!"
"난지 엑스겜장 가본사람???"
"[4]"
"[질문] 주행알리 조언받아서 데크 2장정도가 됬어.."
"[14]"
"Pro & Beginner 이거 20회짜리 보면 됨???"
"[22]"
"트럭이랑 휠 어디서사지 하"
"[5]"
"카셋 허브 궁금한 점"
"[4]"
"BMX 매물좀봐주세용"
"[9]"
"샤빗하고싶다"
"[10]"
"CCS랑 방금 통화했다(ㅂㄷㅂㄷ ......)"
"[12]"
"여심 사로 잡은 키스장인 남자배우는?"
"[디시人터뷰] BP라니아, 다시 Start a Fire"
"뚝섬같은데 혼자가서 연습하기 좋음??"
"[12]"
"볼트 너트도 사이즈 있어???"
"[8]"
"이거 사촌형이 준건데 타도 되냐?"
"[9]"
"형들 BMX BB 질문좀!"
"[2]"
"이번에 스쿳 영상 투척 "
"[6]"
"드디어 시험이다!"
"[3]"
"프로앤프로 웃기네 ㅋㅋㅋㅋㅋㅋ"
"[5]"
"주행 덮힐 연습 "
"[9]"
"아침부터 징징글"
"[8]"
"스케잇보드 난이도 물어보자 갤러들형"
"[16]"
"주행알리 너무 어렵다"
"[4]"
"오늘자 병신짓"
"[14]"
"허허럴하하하"
"[6]"
"형님들께!!"
"[16]"
"이바닥 보빨러새끼들 많을줄 알았는데 존나많네 진짜ㅋㅋㅋㅋㅋ"
"[18]"
"BATB 인상깊었던 경기"
"[14]"
"인사 드립니다."
"[15]"
"여자도 비엠엑스 탔으면 좋겠다"
"[1]"
"근데 도대체 김해파크는 어딨는거죠???"
"[2]"
"질싸데이에 질싸는 했냐"
"[3]"
"치마입고 타면 좋은거지"
"[1]"
"핫팬츠가 어딜봐서 팬티냐"
"[1]"
"나도 빤쓰누님 사진투척!"
"[3]"
"불랙넛!!"
"[1]"
"팬티 입고 ..... 암튼 걔 스폰 받았더라"
"[3]"
"킥플립"
"[9]"
"스트릿 스캇보딩 랭킹이 스캇보딩이 올림픽 스포츠가 될 가능성에 준비중"
"[4]"
"엑게이들 좆나 착한듯"
"[2]"
"타블로랑 왓비컴즈랑 뭔 관계임??"
"[3]"
"사직에 자장구 타는형 있어???"
"[7]"
"여심 사로 잡은 키스장인 남자배우는?"
"[디시人터뷰] BP라니아, 다시 Start a Fire"
"중학생 같은애가 힐플립 타고 논다"
"[14]"
"오늘이74데이라며"
"[1]"
"안녕 형들 질문이 있어"
"[5]"
"반스 어센틱 LP"
"B/S KickFlip!! "
"[10]"
"하 .... 시발 오늘 인디펜던스 데이네"
"[4]"
"내일 커먼그라운드에서 반스 스켑 행사함"
"[4]"
"제일 빠른 롱보드 브랜드는 뭐임?"
"[11]"
"아 대체 하프캡 어떻게 하는거냐아아나"
"[4]"
"휠 언제바꿈?"
"[4]"
"보드도색"
"[2]"
"멕시코가는 김치남인데"
"[5]"
"하프캡킥플립!!"
"[6]"
"눈먼ㅄ아!!! 닉언급 죄송..."
"[5]"
"하아 킥플립 ㅜㅜ"
"[7]"
"아직 안쌈"
"[3]"
"겟잇기어"
"[10]"
"루저찻집같은 곳은 왜 눈코입 사진이 필요해?"
"[8]"
"JP garcia"
"[6]"
"미안..."
"[2]"
"오늘은 어딜 갈까앙~"
"[6]"
"날씨 진짜 좋네!!!"
"[5]"
"허허러하하하"
"날씨 둏타"
"[1]"
"알리 질문드감"
"[14]"
"형들"
"[6]"
"전세계에 하나밖에 없는 데크 스폰받음ㅇㅇ"
"[4]"
"보드 3일차"
"[15]"
"뉴트릭? 개발해봤어!"
"[4]"
"나 엠파이어 bmx에서 오다쳣을때"
"[3]"
"여심 사로 잡은 키스장인 남자배우는?"
"[디시人터뷰] BP라니아, 다시 Start a Fire"
"개미새끼 하나 없는데..."
"[8]"
"오늘 날씨 짱좋음!"
"공주대 근처 보드탓실분?"
"보드타러가야지"
"[1]"
"CCS 진짜 10% 깎아줌???"
"[8]"
"블레이져 이야기 나와서 알려줌"
"[1]"
"김좆키를 찬양하고 경배하라 ㅗ^^ㅗ"
"[1]"
"상암 월경 근처 어디서 타죠?"
"와 플랫타는데 20.25에서 18.9로 바뀌니까 차이 존나나네 시발ㅋㅋ"
"[3]"
"일요일,안산파크,로라대회"
"나이키 블레이저 신고 보드 타본사람"
"[10]"
"캬 플랫 이정도는 해야지"
"[7]"
"빨리 방학!!"
"[3]"
"찬.경ㅗ^^ㅗ"
"[3]"
"알리하는데 보통 몇년걸림?"
"[10]"
"처음으로 데크 넘기 성공했음"
"[11]"
"하나더 "
"[3]"
"라이저패드가 무엇이며 용도가 무엇인가염?"
"[2]"
"데크가 물에 젖은거면 머가 안좋음?"
"[7]"
"형아들 질문 하나만 더!"
"[2]"
"횽들아 스켑 입문하려는데"
"[3]"
"유학생형 그냥 막퍼주시넹"
"[10]"
"nike sb ㅅㅂs!!!"
"[3]"
"형들 질문 좀 할게"
"[22]"
"근데 ccs 말고 보드 파는데 없냐???"
"[10]"
"시즌은 시즌인가보다..."
"[9]"
"줌 야노스키 신을만하냐"
"[4]"
"ccs서 보드 주문하면 보통 언제쯤 발송하냐???"
"[7]"
"시발 보드용품은 200불 무관세 적용 안되냐???"
"[8]"
"뚝섬에서 타는 사람들중에"
"[6]"
"여심 사로 잡은 키스장인 남자배우는?"
"[디시人터뷰] BP라니아, 다시 Start a Fire"
"널리 스케이트보딩 강좌"
"[3]"
"보드 타는 어린애들중에"
"[11]"
"킹핀 뿌러졌습니다 해결책좀 ㅠㅠ"
"[8]"
"나 자전거 생각해보니깐"
"[2]"
"양재근처 스팟 질문좀"
"[5]"
"보드 2일차"
"[8]"
"오늘 처음 널리트릭 한개 바로 잡아왔다"
"[1]"
"아는사람 보드 빌려서 잠시 타봄"
"[2]"
"부싱컵 딸깍대는거 어케 고침??"
"[3]"
"오늘 좆나더움 ㅁㅊ"
"[5]"
"나도 360 하고싶더"
"[1]"
"씨발 보드 좆나 어려움.."
"[7]"
"요즘 꿈을 꾼다.."
"[3]"
"으 CCS 느려서 암걸린다"
"[5]"
"인천문화예술회관"
"[2]"
"벰엑 입문하려는데"
"[9]"
"천안 신부동 with PROJECT-X "
"[3]"
"프리미엄러쉬 존나재밌네ㅋㅋㅋㅋㅋㅋ"
"[1]"
"나 레드불 홈피에 사진올라감ㅇㅇ"
"[15]"
"송암가야지 헠헠"
"[1]"
"형들 본즈 베어링중에"
"[9]"
"질럿횽 미래"
"[5]"
"샤빗연습하다가 발목 인대 찢어지고"
"[9]"
"종목 갈아탐."
"[5]"
"알리 조언해준형들 감사감사"
"[1]"
"ccs 원래 오래걸림??"
"[2]"
"대구 Go Skateboarding Day 후기"
"[1]"
"예전에 누가 컴플릿 추천했었는데"
"[2]"
"[영상,썰] 내가 제일 좋아하는 국내 스케이터"
"[6]"
"휴 주말에 평택역앞에서 혼자 기물타는데"
"여심 사로 잡은 키스장인 남자배우는?"
"[디시人터뷰] BP라니아, 다시 Start a Fire"
"나 질문한다"
"[4]"
"신발도 바꾸고 회사프로젝트도 마감했다"
"[3]"
"디씨 보드화 어디서 사냐??"
"[3]"
"메르스라고 마스크 낀 년들 극혐"
"[5]"
"보드엄청 시끄럽더라"
"[2]"
"요즘엔 8인치나 8.25인치가 대세냐??"
"[2]"
"ㅇㅇ 님 질문 답변"
"[3]"
"형들 알리 자세좀 조언해줘... ㅠ"
"[13]"
"님들 풀위에서 연습 하는것도 괜찮나요??"
"[6]"
"디시에서 유튜브 바로나오게하는법 몰라서 링크 검"
"[3]"
"알리 체공 질문"
"[4]"
"엘사랑해한테 질문있는데"
"[3]"
"오늘 점심"
"[7]"
"여기도 안와야겠다"
"[1]"
"일베얘기 나와서 말인데"
"[19]"
"플립하면 알리는 잃는다더니.... ㅠㅠ"
"[13]"
"보드화 또 문의"
"[5]"
"동영상 투척"
"[69]"
"휠 지름말고 너비는 어떤 영향을 주어요? "
"[1]"
"보통 나이대가 어케 되냐???"
"[15]"
"얼른 학교에서 보드타고싶다."
"[9]"
"휴..망할..."
"[7]"
"이제같이 타는애들 졸많아짐~"
"[1]"
"파크타는법은"
"[8]"
"자잔거랑 보드랑 같이타므는"
"[2]"
"횽들 프리라인철제보단 목재가 낫겠져?"
"[2]"
"아오 진짜 빤스랑 레깅스입고 보드타는 년들"
"[1]"
"솔직히"
"[7]"
"나를 위해 살아라"
"[2]"
"새신을 신고!"
"[6]"
"여심 사로 잡은 키스장인 남자배우는?"
"[디시人터뷰] BP라니아, 다시 Start a Fire"
"무리를 일으켜 죄송합니다"
"[9]"
"왜ㅋㅋㅋㅋ"
"[2]"
"그런데 뚝섬에서 타는 사람들중에"
"[3]"
"아디다스 보드화 문의"
"[7]"
"안녕하세요 엘사입니다"
"[5]"
"하시발 휠체어탐"
"[5]"
"노모파티서 보드사고 집에가는중"
"[11]"
"요즘근황"
"[3]"
"존나덥다"
"뚝섬 가는데"
"수제프리라인 팝니다"
"[15]"
"날아라제이슨 천안 이벤트 후기"
"[5]"
"흑흑 급식충이라 슬프다"
"[1]"
"내가 다 잘못했다"
"[2]"
"열사병걸리지마"
"[1]"
"롱보드 형들한테 트릭팁 달라고하면 욕먹나?"
"[8]"
"특성상 친목있다는데 나는 모르겟다"
"[2]"
"늅새끼들은 까는것도 제대로 못하냐"
"[5]"
"포져가 그러면 포즈 +er임??"
"[4]"
"백석대 날아라 제이슨 언제부터지"
"킥플립 2일차"
"[8]"
"야들아 티툴에 볼트 사이즈가 어케되냐?"
"날아라제이슨 행사가는중~"
"[1]"
"수제 프리라인 완성"
"[1]"
"여갤러님 글 지우셨네"
"[1]"
"하..."
"[2]"
"여기가 디씨냐 네이트판이냐"
"[20]"
"신입갤러들에게 일침 -필독-"
"[2]"
"포져가 무슨뜻이에얌???"
"[9]"
"ccs 주문 하려는데 쿠폰 ....."
"여심 사로 잡은 키스장인 남자배우는?"
"[디시人터뷰] BP라니아, 다시 Start a Fire"
"나이키 블레이져sb 보통 얼마함??"
"킥플립이 쉬워 힐플립이 쉬워?"
"[7]"
"알리 질문 좀. 제발 부탁합니다..."
"[4]"
"어제 연습하던 뱅크 킥플립ㅇㅇ"
"[1]"
"인천 연수구민 계신가요"
"아래 패달빵 하니 생각 나네..."
"보통 사람들이 틱택까지 하고 보드 포기하는 각인가"
"[3]"
"에릭코스턴 미드 쉴드 어떰?"
"[5]"
"요즘따라 느끼는건대..."
"[18]"
"스캡가방 뭘로살까?"
"[12]"
"뚝섬 밤에 사람 많음??"
"[10]"
"헝정의 성장이야기 알리 다운편"
"[9]"
"나 720할줄안다"
"[6]"
"하드휠 빼고 소프트휠 달고 서울에서 의정부 찍고옴ㅋ"
"X게임류 하는애가 옷차림보고 머라하는거 웃김ㅋㅋㅋㅋ"
"[3]"
"모노파틴 18진짜"
"[8]"
"방금 공중파 프로그램에서 롱보드 관련 방송할거 인터뷰함"
"[4]"
"샤빗연습하다 안쪽 정강이 박은거"
"[1]"
"빤쓰입고 탄다고 뭐라 하길래 진짜 빤쓴줄"
"형들 진짜 급해!! 도움 요망"
"[6]"
"슈프림 버켓판다"
"이벤트 뭐할까?"
"[13]"
"근황 - 힐플립"
"[3]"
"손에 땀이 많아서 장갑을 하나 사려고하는데 형들 도와죠 "
"[2]"
"ㅎㅎ ..... 결제만 남았다"
"스케이트보드 탈때 툴 필요하다며"
"[3]"
"샤빗이랑 노컴 짜증나서"
"[7]"
"천안 GSD 마무리!"
"[1]"
"형들 스켑 초보인데 너무 궁금한게있어서"
"[3]"
"대구 국채에서하는 스켑행사 지금 하고있나? "
"[1]"
"여심 사로 잡은 키스장인 남자배우는?"
"[디시人터뷰] BP라니아, 다시 Start a Fire"
"오늘 고스케잇데이 안함?"
"[6]"
"DC슈즈 토닉(TONIK) 종류가 다양하더라고????"
"[2]"
"알리다운 해봤다."
"[4]"
"Socal skateshop 써본사람"
"율하파크 가는방법좀 앙망; "
"둡 프리스타일"
"[2]"
"뚝섬에서 타는 여자 어그로"
"[12]"
"어제 나혼자산다보니 강남 미니롱보드?랑 스켑있던데"
"[1]"
"보코가 창렬이라고 해서"
"[9]"
"디씨슈즈 보고옴"
"[2]"
"햄들"
"[2]"
"180 360연습하면서"
"지금 영등포 타임스퀘어서 DC슈즈 보러감"
"[2]"
"bmx 멋쟁이 갤러님들 안녕~~"
"[4]"
"안녕 난 대구에서 BMX타는 사람이야 "
"[3]"
"결정장애다 3주째고민중이다 나도사고싶다 보드"
"[10]"
"원래 스케이트보드 이렇게 잘휘는거 맞음?"
"[4]"
"비엠엑스 타는데 페달에 뽕이 다 닳아서 "
"[1]"
"머구 그라인드스팟있음? "
"[3]"
"bmx 바니홉 팁좀....."
"[8]"
"슈구 몇시간동안 말려야되여?"
"[8]"
"듞륶공원 비엠엑스 어디서탐? "
"[2]"
"샤빗하다가 정강이 나가겠다 ㅠㅠ"
"[2]"
"충북 공주대 근처에 파크 ㅊㅊ좀"
"[3]"
"머구에서 BMX타는 사람 없냐 "
"[4]"
"킥플립 도와주세욤"
"[11]"
"냐하~♡"
"블랭보드 또연기.."
"노컴도 존나어렵다..."
"[6]"
"실력이 갈수록 후진한다"
"[6]"
"여심 사로 잡은 키스장인 남자배우는?"
"[디시人터뷰] BP라니아, 다시 Start a Fire"
"바니홉 트릭팁인데"
"[1]"
"보드잘타고싶다"
"[3]"
"수지 모아파트 단지내 도로에서 슬라이드하면 내려온 놈 여기 있음?"
"아 ㅅㅂ.."
"[4]"
"좆같습니다"
"[4]"
"알리가 샤빗보다 쉽다고???"
"[22]"
"06월21일 대구 국채에서 스켑 행사함."
"[7]"
"아 보지들 스켑 잘 타는 거 보면 왤케 빡치냐"
"[8]"
"알리에"
"[13]"
"bmx 갤러리 흥해라"
"[2]"
"bmx 입문했다"
"[7]"
"9월 29일이 기대된다"
"[2]"
"샤빗보다 알리를 먼저해야 하는 이유"
"[4]"
"쓰리 피스 콤보 14"
"[1]"
"망햇네 겜갱"
"[2]"
"샤빗을 제일 먼저 배우는 트릭으로 하라는거 이해 ㄴ"
"[7]"
"샤빗 욀케 어려워..."
"[10]"
"방그라로 댄싱 할려구 하는데여 "
"[4]"
"근데 왜 보드는 마른 애들이 타야 멋있냐?"
"[19]"
"플랫구하는 갤러뭐임"
"[7]"
"ㅇㅇ"
"동네 애들 BMX 타는거 재밌어 보이길래"
"보드 이렇게 가져가면 비행기 탈수있어?"
"[5]"
"스케이트보드 탈 줄 알면 스노우보드도 타짐?"
"[6]"
"요즘 절정기인거 같은데 리셋될듯"
"[5]"
"여기는"
"[4]"
"책보다가 엑겔러를 위한 글남김"
"[1]"
"스케이트보드 사이즈랑 트럭 크기가 어떤 영향을 끼치냐???"
"[13]"
"전에 롱보드보고 세발짝 이상은"
"[5]"
"이마넌 어떻게모으징~"
"[6]"
"여심 사로 잡은 키스장인 남자배우는?"
"[디시人터뷰] BP라니아, 다시 Start a Fire"
"여자보더 하나오니까 분위기가"
"[7]"
"9인치 핸들바 사양"
"[3]"
"bmx플랫 중고구한다는 갤러"
"[5]"
"다들 차 가지고 잇음?"
"[4]"
"슬라이드할때 끝에만 깔짝걸고 내려온다고 해서"
"[6]"
"건짐"
"[4]"
"댄싱충에서 스테엔다드으로 스탠스를 바꿔보려한다."
"[6]"
"슈구 내츄럴 말고 투명 써본사람. 어떰?"
"[5]"
"보라매파크서 어글타기 어떰?"
"[4]"
"오늘 주력으로 연습한거 찍어봄"
"[1]"
"아 시발 플랫폼에 발 빠짐"
"[23]"
"하리보 먹고싶다"
"[4]"
"오늘 비올줄알고 안나갓는데"
"[1]"
"스켑 살려하는데 쓰리빅에 올모스트 반값 이벤하는거 쓸만함?"
"[4]"
"횽들 608베어링 살려고 하는데 링크좀 걸어주라 ㅜㅜ"
"[2]"
"비온다며...."
"김홍도 알리덱 사시고 안타시는분?.?"
"bmx 중고좀 찾아주라"
"[6]"
"슈구는 無색이 짱? 투명색"
"[6]"
"첫 보드 골라봤는데 괜츈하냐???"
"[12]"
"횽들~ 질문~"
"[2]"
"엑갤 플랫 스피드웨건 준게입니다 오늘은..."
"[4]"
"스켑보드를 새로 사고 싶은데"
"[5]"
"요번 여름에 사상 모노파틴 갈테요"
"[4]"
"으잉?"
"[4]"
"형들 스케잇마피아 데크 쓸만함?"
"[1]"
"스케이트 배워 보려는데 어디서 사야 좋냐??"
"[5]"
"솔찍히 난 보드 잘몰라서 모르겟는데"
"[7]"
"광주 선암 스케이트 파크"
"[8]"
"하 나도 하이트럭 써보고싶다아아"
"[4]"
"여심 사로 잡은 키스장인 남자배우는?"
"[디시人터뷰] BP라니아, 다시 Start a Fire"
"보드 입문하는데 조언 부탁드려요!"
"[21]"
"밑에 보드판매글"
"[3]"
"버스틴 요페이스 같은건 어떠냐"
"[3]"
"부산 여행가믄서 보드들고갈까 했는데"
"[2]"
"블랭크데크 구입쳐"
"블랭크보드 사고싶긴한데"
"[2]"
"데크빼고 가격"
"[3]"
"스켑탈때 바지 보드화 추천좀여"
"[4]"
"전화로 롱보드 있냐고 그만 물어봐라 좀.."
"[15]"
"플랫 인구수 왜이리 적음?"
"[10]"
"개노답 댄싱충년들 한두달 이내로 사라짐 ㄹㅇ 내가보증함"
"[4]"
"이거어떰??"
"[6]"
"[냉무] 댄싱충이 뭐야?"
"[3]"
"라이더즈에서 보드 사고 싶은데 "
"[6]"
"스켑 입문용 어떤게 조을까"
"[10]"
"천안 뉴스팟 개꿀ㅋㅋ"
"[2]"
"날이 더우니깐"
"[3]"
"스켑조아 요새 안보이네"
"[5]"
"조금만 기다리면 블랭크보드 들어오겠지?"
"쓰리피스콤보: 양광원 스케이터"
"[1]"
"인디 레이놀즈 할로우 로우 139"
"[1]"
"보드 판다"
"[5]"
"프레임 색 추천좀"
"[4]"
"인디트럭 새거를 6만원!!!에 팜니다!"
"[2]"
"슬럼프인듯......"
"[2]"
"오늘의 크루져 메뉴얼 연습"
"[5]"
"여친이 롱보드 탈려하는대"
"[4]"
"스핏파이어"
"[3]"
"요즘 sns 꼬라지"
"[12]"
"대구는 어디서 보드타야되냐"
"[6]"
"여심 사로 잡은 키스장인 남자배우는?"
"[디시人터뷰] BP라니아, 다시 Start a Fire"
"슈구 쉽게 때는법 있나요?"
"[2]"
"인디 트럭129 팜니다. 새제품임."
"[6]"
"우리 동네에 마땅한 렛지가 없어잉"
"[3]"
"그라인드 용어질문"
"[3]"
"디키즈 바지 질문"
"[7]"
"오늘 다들 탐?"
"[6]"
"지금 sbs Mtv 에"
"뚜크섬"
"[1]"
"양꼬치엔"
"[2]"
"시발... 집에가야지..."
"[5]"
"1장 반 넘었당~"
"[3]"
"형들 아스팔트에서 스켑타면 소리얼마나커??"
"[10]"
"내가 진짜 롱보드에게 바라는 것 하나(롱혐글아님)"
"[6]"
"솔직히 플라스틱 크루져"
"[2]"
"개인적인 생각으로"
"[5]"
"엔드웤/오버 부턴 보호구 있는게 낫겠지"
"[1]"
"너네 치킨 좋아해?"
"[2]"
"죽전파크 바닥공사함"
"[1]"
"집와서 신발정리함"
"[3]"
"첨으로 집에서 그립테잎부쳣는대"
"[8]"
"얼반지랄하는 양아치운동 찾음 완전 딱 내 스타일.youtube"
"스팟 근처 음악분수대~~"
"[5]"
"혼자 연습하려구 원주 파크왔는데.."
"[1]"
"광주 보드같이 탈사람?"
"[8]"
"나 ㅆㅂ 진짜"
"[8]"
"주행힐플립 탓다"
"[11]"
"바니홉어려워어어ㅓ유ㅠㅠㅠ"
"[2]"
"본즈 레드도 과하지 않음? 근황, 잡소리, 광고. 전 후 요약!"
"[12]"
"에릭코스턴2 39000에 업어옴ㅇㅇ"
"[7]"
"알리하는데 방향이"
"[6]"
"여심 사로 잡은 키스장인 남자배우는?"
"[디시人터뷰] BP라니아, 다시 Start a Fire"
"엑슬너트, 킹핀조이는 너트 사이즈 질문"
"[7]"
"나 없으니까 엑갤질 할만하냐"
"[3]"
"bmx 1일차 - 메뉴얼 1일차"
"[8]"
"천안충인데 스켑 좀 배우고 싶어요.."
"[7]"
"광안리크루징"
"[22]"
"메뉴얼 뒷 발 좀 앞으로 땡겨보란 새끼 나와"
"[4]"
"좆같네 인생"
"[3]"
"킥플립벽 미치겠다"
"[4]"
"일반인이 멋있다고 해줬다ㅇㅇ"
"[5]"
"보드타는님들아"
"[11]"
"ccs에서 커스텀보드 이렇게 맞추는게.jpg"
"[6]"
"여기"
"형들... 내 보드 잘 못 맞춘거 있는지 좀 봐줘..."
"[17]"
"하리보..."
"[1]"
"하리보 이놈 쉐끼 타라는 보드는 안타고"
"[2]"
"하리보 먹엇다"
"[1]"
"안산애들아 어디서들 타냐"
"[4]"
"어그레시브 성과"
"[5]"
"ㅇㅇ에게 궁금한점"
"[1]"
"Weekend dumpies 8 - Dumpage Zwei "
"[7]"
"메뉴얼 꿀팁점"
"[14]"
"알리는 뛰면서 엔드오버 엔드워크같은건 못하는사람도 많음?"
"[14]"
"중고) 서울/경기 BMX 팝니다.."
"[8]"
"엑갤 좀 쉬어야할든"
"[8]"
"부산 나루공원"
"[5]"
"미니로고 데크 어떰?"
"[3]"
"이제 알리좀 자신감 붙어갖고 도로에서 타고 다닐 때 알리점 뛸라카는데 질"
"[5]"
"천안 뉴스팟 완성!"
"[9]"
"오늘 운동기록 powered by endomondo "
"날 잡으려면 딴거 없고 주말에 평택역 앞으로 오면 됨"
"[7]"
"여심 사로 잡은 키스장인 남자배우는?"
"[디시人터뷰] BP라니아, 다시 Start a Fire"
"자장구랑 보드랑 운동되는 부이가 다르징?"
"[6]"
"몸살..."
"[2]"
"여기 왜이렇게 오염된거지"
"[1]"
"ㅇㅇ 잡는거 생각보다 어렵진 않을거 같긴한데"
"[9]"
"하리보 사는 아파트 찾았다"
"[2]"
"bartist라고 들어봤냐 철봉 가지고 대회하는거 말여 "
"오늘 운동기록 powered by endomondo "
"xgame도 game이니까  game에 대해서 한 마디"
"[3]"
"핑거보드 동영상 악플이 많네 "
"내가 ㅇㅇ 새끼 와이프거나 부모였으면"
"유동닉들 글싸지르기전에 꼭 보고가라"
"[1]"
"오늘 비와서 인라인 많이 못탐"
"[1]"
"존나 징징대네 미친새기가"
"인라인타라 허벅지 굵어짐"
"[2]"
"양아치도 이런 양아치들은 존경한다 내가"
"[1]"
"입문용 스켓보등 질문."
"[9]"
"블랭크로 컴플릿으로 파는 데 없나여??"
"베어링 교체해야하나 말아야하나"
"[1]"
"스웨이드 너덜너덜 해졋을때 안신는 양말 붙이면 댈듯"
"[4]"
"오늘 시발 여고생들 때문에 죽을뻔함"
"[2]"
"인별 그램에서 태그검색어 롱보드나 스켑 검색하는데"
"[2]"
"보드로 장애물 넘는거 보니 참 내가"
"형들 알리할때 신발중요해?"
"[4]"
"나는 사람많은데서 안타갖고.."
"[2]"
"스케이트보드 브랜드 다크스타 vs enjoy "
"[11]"
"운동은 이 악물고 고통 느끼면서 해야지 운동이지 xgame이 운동이냐? "
"[10]"
"오늘 이제 드디어 단거리 최고속도 30키로 찍는다"
"[1]"
"데크 팝 관련"
"[3]"
"크루져보드 알리 해봄"
"[3]"
"찾았다."
"[2]"
"여심 사로 잡은 키스장인 남자배우는?"
"[디시人터뷰] BP라니아, 다시 Start a Fire"
"오빠들 근데 저는 푸쉬오프를 왼발로 하는데"
"[6]"
"텐서 트럭 질문"
"[3]"
"궁금"
"[4]"
"인라인타라"
"대회공지 및 장소사용에 대한 양해 부탁드립니다."
"크루져 보드 샀음 & 왕십리 시계탑 방문기"
"처음으로 왕십리 시계탑에 왔는데"
"[4]"
"크ㅡ 보드타는데 유치원생 무리 댈꼬 인라인타는데"
"[3]"
"부산 스팟 어디어디 있나요"
"[3]"
"팝이 뭔가요?"
"[2]"
"와 이제 알리가 발에 붙는다"
"[3]"
"crew 개념 좀 잡아주세요!"
"[9]"
"자전거 타면서 있던 썰 몇가지"
"[3]"
"요세 따봉충 롱보드 존나 올라오네"
"[8]"
"오늘 운동기록 powered by endomondo"
"보드를 왜 치마입고타냐?"
"[6]"
"여친이 마누란데 뭘 헤어져 이 새끼들아 'ㅅ'"
"[6]"
"헿헿헿 오랫만이야들!"
"[2]"
"샤빗"
"[5]"
"올만에 사람 많은 시간에 기물없는 스팟을 가보았다.fact"
"m ollie"
"캬 등산화 사놓고도 등산화 신고 등산못함"
"[1]"
"보호대 쓰던거 그냥 주실 분"
"[5]"
"요즘은 근데 스켑보다 롱보드들이 많이보이는듯"
"[1]"
"울동네 스트릿 인라인 내가 마니 보급시킴"
"인라인타기 시작하면서 들은 얘기가"
"인라인타는놈들 완전 상종도 못할양아치지"
"[2]"
"무릎연골은 건강할때 지키세요"
"[4]"
"보드 베어링 비교 질문좀.."
"[8]"
"패러랠브레이크 연습해야되는데"
