"x"
"¿©½É »ç·Î ÀâÀº Å°½ºÀåÀÎ ³²ÀÚ¹è¿ì´Â?"
"[µð½ÃìÑÅÍºä] BP¶ó´Ï¾Æ, ´Ù½Ã Start a Fire"
"¡Ú¡Ú ½Â¸®ÀÇ ¾çÃµ±¸ °¶·¯¸® °øÁöÀÔ´Ï´Ù ¡Ú¡Ú "
"[53]"
"ºÐ¶õ Á¶Àå¼º °Ô½Ã¹°Àº »èÁ¦µË´Ï´Ù."
"[45]"
"´Ï³× ÀÌ´ë¸ñµ¿º´¿øÀÌ³ª È«ÀÍº´¿ø°¡Áö¸¶¶ó."
"[1]"
"¸À¾øÀ½"
"½Å¿ùµ¿ µ¿¹æ»ç¿ì³ª ÈÄ±â.gay"
"[3]"
"¿À¸ñ±³ ¿ª ÂÊ¿¡ ¾È¸¶ °Ç¹° ÀÖ´Â °Å ±×°ÅÁö??? "
"[2]"
"µ¿Ã¢ ¾îÇÃ ¹¹ ¾ø³Ä"
"¹Úº¸°Ë ÃÊµù¶§ ½Å¿ù½Ã¿µ¾ÆÆÄÆ® »ì´Ù°¡ ½¦¸£ºô·Î ÀÌ»ç°¬´Ù´Â°Ô"
"[1]"
"¾çÃµ±¸¿¡¼± ¾çÁ¤°í¶û °­¼­°í°¡ °øºÎ ÀßÇÏ³Ä"
"¹Ø¿¡ ¸ñµ¿ ºÎ½É ºÎ¸®´Â ¾çÃµ±¸¹Î ³Ê¹« ¿ô±è ¤»¤»¤»"
"[4]"
"½Å¿ùµ¿ ½ÅÁ¤µ¿¿¡ ¾ç¾ÆÄ¡ »õ³¢µé Á¸³ª ¸¹³×"
"¾ÆÁ÷µµ ¾çÃµ°í  °Å¼ö°æ·ÊÇÏ³Ä????"
"[1]"
"ÀÚ¶û½º·¯¿î ¾çÁ¤°íµîÇÐ±³"
"[1]"
"¾çÃµ±¸´Â ¼¼¹«¼­°¡ ¾î¶²°¡¿ä?"
"¾çÃµ±¸°© ±¹È¸ÀÇ¿ø È²ÈñÀÇ ¹ß¾ð"
"¹é¾Ï°í ¿äÀÏº°·Î ³¡³ª´Â½Ã°£ ´Ù¸§?"
"[1]"
"¾È³ç ´Ùµé"
"½Å¿ù1µ¿ ºÎ±Ù º¹»çÇÒ¼öÀÖ´Â ¹®¹æ±¸³ª º¹»çÁý ¾Ë·ÁÁÖ½ÇºÐ °Ô½Å°¡¿ä"
"¿À·£¸¸¿¡ ¿Íº»´Ù"
"[1]"
"¾çÃµ±¸, ±¹¹Î¾ÈÀüÃ³ ¼±Á¤ °¡Àå ¾ÈÀüÇÑ µµ½Ã"
"[2]"
"¼ÖÁ÷È÷ ½Å¿ùµ¿ °ÅÁöµ¿³×´Â ¾çÃµ±¸¿¡¼­ »©¾ßÇÑ´Ù°í º»´Ù."
"[13]"
"¸ñµ¿ÀÌ¶ó´Â È¯»óÀ» ±úÁÖ´Â »çÁø ÇÑ Àå"
"[1]"
"¹Úº¸°Ë ¸ñµ¿"
"[1]"
"½ÅÁ¤4µ¿ »ç´Â ¾Öµé¾Æ ¹°¾îº¼°Ô ÀÖ´Ù"
"[2]"
"¾Æ´Ï ½ÅÁ¤µ¿ ¾î¶°³Ä°í?"
"¾çÃµ±¸ ±³È¸ ÁÖÂ÷ ¹®Á¦¾î¶°³Ä"
"[1]"
"¾çÃµ±¸¿¡ ¾¾¹ß ¹è´Þ¾Ë¹ÙÇÏ´Â »õ³¢µé¾Æ"
"[1]"
"¾Öµé¾Æ ±×¸®°í ³»°¡ ¸¶Æ÷°í Ãâ½ÅÀÎµ¥ ¿ÀÁö¸¶¶ó"
"¾çÃµ±¸ ¾Öµé¾Æ ¹Ý°©´Ù, ¹°¾îº¼°Ô ÀÖ´Ù ´äº¯ Á» ºÎÅ¹ÇØ"
"[2]"
"°­¼­°í"
"[1]"
"¿©½É »ç·Î ÀâÀº Å°½ºÀåÀÎ ³²ÀÚ¹è¿ì´Â?"
"[µð½ÃìÑÅÍºä] BP¶ó´Ï¾Æ, ´Ù½Ã Start a Fire"
"¾çÁ¤°í °¡¿ÀÅ·µé"
"[2]"
"¹éäß°í ²ø¶ó½º ¤»"
"[4]"
"¿©±â ½Å¼­Áß ÀçÇÐ»ý ¾ø³ª?"
"²À º¸¼¼¿ä!"
"½Å¸ñÁß¼­ Áß»óÀ§±Ç °­¼­°í?¿µÀÏ°í? ½Å¸ñ°í?"
"[10]"
"°¶´Ôµé °­¼­ÃÊ±³ ºÎ±Ù ºñÇà±â ¼ÒÀ½ ¾î¶²°¡¿ä?"
"[3]"
"ÀÌ´ë¸ñµ¿º´¿ø¿¡ Â÷ ²ø°í°¡¸é Á¤½ÅÂ÷¸®°í ÀÖ¾î¶ó."
"11"
"¾çÃµ±¸ÀÇ ¾Æµé ¹Úº¸°Ë ÁøÂ¥ ´ë¹Ú³µ³×¤§¤§¤§"
"[3]"
"¾çÃµ°í »çÇÐºñ¸® ¶ÇÅÍÁ®¹ö·È´Ù~(»çÁø±ÍÂúÀ¸´Ï±î ÆäºÏ¿¡ ¾çÃµ°í´ë½ÅÀüÇØµå¸³´Ï´Ù"
"¸ÀÁý Á¤¸» ¾ø³Ä"
"°­¼­°í´Ù´Ï´Â»ç¶÷"
"[4]"
"½Å¸ñ°í´Â ¹«½¼ ±¹°¡°í½Ã ¼ÅÆ²ÀÌ³Ä?¤»¤»¤»"
"[1]"
"¾çÃµ°í ¿©¸§¹æÇÐ ¹æ°úÈÄ ¸çÄ¥ÀÌ»óÂ°¸é »ý±âºÎ±â·Ï¾È‰Î?"
"[2]"
"³Ê³ÊÀú¤Ã¤¸¤½"
"¤¤"
"µ¿¾ç¹Ì·¡´ëÇÐ(µ¿¾ç°øÀü)±îÁö °¡´Âµ¥ ·¯½Ã¾Æ¿ö¶§ ¾î´ÀÂÊÀÌ ´õ ¸·Èú±î¿ä..?"
"[1]"
"7¿ùÁß¼øºÎÅÍ ¾çÃµ±¸¿¡¼­ 3Dµ¨¸µÀÌ¶û ¸¶ÄÉÆÃ ÃëÁ÷Á÷±³À°ÇÏ´Â°Å ¾Ï?"
"½Å¸ñ°í Ãâ½Å ÀÖ³Ä?"
"[1]"
"¾çÁ¤°í°¡ ±×·¸°Ô ²Á´ëÇÐ±³ÀÓ?"
"[3]"
"¾çÃµ±¸¿¡ Á¦º»ÇÏ´Â°÷ÀÖ¾î?"
"¸ñµ¿ÀÌ ºÎÃÌ??¤»¤»¤»¤»¤»"
"[5]"
"Æ²¸± ¶§¿¡´Â "
"Æ²¸± ¶§¿¡´Â "
"¾çÁ¤°í Á¤Àçº¹½Ü"
"¾çÁ¤°í ±³»ç¿¡ ´ëÇÑ ÁÖ°üÀû Æò°¡ 2.0"
"[1]"
"¾ß ¿ÀÄÉ½ºÆ®¶ó Ã¼°íÁ¸¾öÀÌ ¸î¹Ý¿¡ÀÖ´ÂÁö¾Æ³Ä?"
"[2]"
"½Å¿ùµ¿¿¡ º¸¶÷µ¶¼­½Ç 1ÀÎ½Ç ÇÑ´Þ¿¡ ¾ó¸¶Á¤µµÇÒ±î?"
"[1]"
"¾Æ³ö 10½Ã¿¡ ÀÏ¾î³ª¼­ ¾ÄÀ¸·Á´Ï±î 6½Ã±îÁö ´Ü¼ö"
"6¿ù 7ÀÏ ¾çÃµ±¸¿¡¼­ ¼¼¹Ì³ª ¿­¸®´Â°Å ¾Ï?"
"¿©½É »ç·Î ÀâÀº Å°½ºÀåÀÎ ³²ÀÚ¹è¿ì´Â?"
"[µð½ÃìÑÅÍºä] BP¶ó´Ï¾Æ, ´Ù½Ã Start a Fire"
"¾çÃµ°í ´Ù´Ï´Â °ÔÀÌµé¾Æ ±¹»ç½Ã°£¿¡ º¼Ææ µüµü°Å¸®Áö ¸¶¶ó."
"[1]"
"¤·"
"[1]"
"¿¨? ¸ñµ¿¸ÀÁý ÆÄ¸®°ø¿ø ¸Æµµ³¯µå¾Æ´Ô?"
"[2]"
"°­¼­°í¿¡ ¤¸¤¼¤¸ ¾ÆÁ÷µµ ÀÖÀ½?"
"[4]"
"¾çÃµ±¸ ÇÐ»ýµé¾Æ"
"¾çÁ¤°í Àü±³Á¶ ¼±»ýµé ÀÌ¹ø¿¡ ¹«Å»ÇÏ³Ä?"
"³ª¹«À§Å° ½Å¼­°í ¹®¼­ »ý°å´Ù. ¼öÁ¤Á» ºÎÅ¹ÇØ¶ó"
"[1]"
"¾çÃµ°í ±èÁøÁÖ ¼±»ý´Ô Áú¹®"
"[1]"
"¾Æ ´ãÀÓ ¾¾¹ß»õ³¢ Âõ¾î Á×ÀÌ°í½Í´Ù ÁøÂ¥"
"[2]"
"¾çÃµ°íµîÇÐ±³ 2007³â Á¹¾÷»ýÀÔ´Ï´Ù. ÀÌ ÇÐ±³´Â ±×´ë·ÎÀÎ°¡º¸±º¿ä"
"[7]"
"¹é¾Ï°í³ª ½Å¼­°í°¥²¬"
"¸ñµ¿¿îµ¿Àå Å»ÃâÇÏ´Â¹ý"
"[3]"
"½ÃÇè³¡³ª°í ÇÑÂüµÚ¿¡ ¿Ã¶ó¿À´Â ´äÁö Å¬¶ó½º (¾çÃµ°í)"
"½Å³²Áß ¾ø³Ä?"
"[4]"
"¾çÃµ°í ±×³É Àú³É ÀÌ¾ß±â + SSulL"
"[3]"
"°­¼­ÃÊ , ¾çÃµÁß , ¹é¾Ï°í Á¹¾÷ÇÑ »ç¶÷?"
"[2]"
"¾çÃµ°í ½ÃÇè ´äÁö Ã£´Â°Å ¾îµòÁö ±î¸ÔÀ½"
"[1]"
"´äÁö ¾îµðÀÖ³Ä"
"±æ¹þ¾ÆÄ«µ¥¹Ì ÇÐ¿ø ¾î¶§¿ä??"
"[3]"
"¼±ÇàÇÐ½À ±ÝÁö¹ý Âî¸¥ °­¼­°í ´©±¸³Ä ¤»¤»¤»¤»¤»"
"[1]"
"¿À¸ñ°ø¿ø ¿·¿¡ ÆÄÆÄÀÌ½º°¡ ¾îµðÁö"
"[2]"
"¿©±ä ¿Ö Á¿Ãµ°í »ó·Ï½Ç¿¡ ´ëÇÑ ¾ê±â°¡ ¾ø³Ä"
"[2]"
"¸ñµ¿¿¡ ÆÄÆÄÀÌ½º »ý°å´Ù."
"[3]"
"¿ïÇÐ±³ Á¹¾÷»ýÀÌ ¾çÃµ°© ´ç¼±µÈµí?"
"[1]"
"¾çÃµ°í Á¹¾÷ÇÑÁö 3ÁÖ¸¸¿¡ ´ëÇÐ±³¿¡¼­ ÆíÁö³¯¶ó¿Ô´Ù"
"[9]"
"Áö±Ý ¸ñµ¿ÂÊ¿¡ ¿¬±âº¸ÀÌ´Âµ¥"
"¾ß ¾çÃµÀÌ³´³Ä ´ëÀÏÀÌ³´³Ä"
"[2]"
"¿ì¸®Áý µÚ¿¡ ¹èµå¹ÎÅÏÀå ÀÖ´Âµ¥"
"[1]"
"¿©±â¼­µµ º£ÃæÀÌµéÀÌ ¸î¸î º¸ÀÌ³×"
"ÀúÈñ ¼±»ý´Ô²²¼­´Â º£ÃæÀÌ¿Í ¾ç°¶·¯´Â µ¹·Î Âï¾î Á×¿©µµ µÈ´Ù´Âµ¥¿ä"
"[3]"
"¿©½É »ç·Î ÀâÀº Å°½ºÀåÀÎ ³²ÀÚ¹è¿ì´Â?"
"[µð½ÃìÑÅÍºä] BP¶ó´Ï¾Æ, ´Ù½Ã Start a Fire"
"¾¾¹ú ¾È¾çÃµ¿¡ Á¿°°Àº ÀÎ°£»õ³¢µé Á¸³ª¸¹³×"
"¸ñÀÏÁß ¾Öµé ´ñ±Û ´Þ¾Æ¶ó."
"[3]"
"¤·¤·"
"½Å¿ùµ¿"
"¾çÁ¤°í 5³âÀü¿¡ Á¹¾÷ÇÑ ¼±¹êµ¥"
"[4]"
"¼ÖÁ÷È÷ ¤·¤¸°í¤¡¤¡¤¡ Á¾ºÏÁÂ»¡¾Æ´Ï³Ä?"
"[3]"
"¤¾¤¾½É½ÉÇÏ¸é ±Û½Î¾ßÁö ³» °¶±âÀå¢½"
"d"
"¾îµð»ç³Ä ¹°¾îºÁ¼­ ½ÅÁ¤µ¿ÀÌ¶ó°í ÇÏ¸é ¿Ö ÀÌÇØ¸¦ ¸øÇÏ³Ä"
"[2]"
"¾çÃµ±¸°¡ °íÇâÀÎ Åä¹ÚÀÌ·Î¼­ ±ÛÇÏ³ª ½áº»´Ù."
"[3]"
"³» ¼ÕÀÌ¿¡¿©"
"[1]"
"¤·¤¾¤¾"
"¿À´Ã ±¤¿µ¿¡¼­ ½Î¿ò³µ´Ù´Âµ¥ ¾Æ´Â »ç¶÷?"
"[1]"
"¾çÃµ°í ¼¾ºüÀÌµé Áú¹®Á» ¹Þ¾ÆÁà"
"[2]"
"½Çºñ Å°¿ì±â °«°×ÇØ¶ó"
"[1]"
"ÀÌ¹ø¿¡ ¾çÁ¤°í µé¾î°¡´Â 1ÇÐ³â ½ÅÀÔ»ýÀÎµ¥ Áú¹®ÀÖ½À´Ï´Ù."
"[6]"
"3ÇÐ³â ÀÌ°ú µ¿¾Æ½Ã¾Æ»ç ±×ºÐ¾Æ´Ï´Ù"
"[1]"
"¾çÃµ°í ¼±¹è´Ôµé ¾ßÀÚ Áú¹®ÀÌ¿ä"
"[5]"
"¹ÂÁöÄÃ ¹è¿ö¼­ ¹«´ë¿¡ ¿À¸£±â, ¾Æ¸¶Ãß¾î ¹ÂÁöÄÃµ¿È£È¸ È¸¿ø¸ðÁýÇÕ´Ï´Ù"
"¿ä¹ø¿¡ °í1 ¿Ã¶ó°¡´Â ¸ñµ¿±Ç ¾Öµé¾Æ,  ¿µÀÏ ¸¹ÀÌ ½è³Ä?"
"[5]"
"³ª ¾çÁ¤¹®°ú °í3ÀÎµ¥"
"[4]"
"¾çÃµ±¸³ðµé º¼¶§¸¶´Ù ´«²Ã½Ã·Á Á×°Ú´Ù"
"[3]"
"°°Àº µ¿³× »ç¶÷µé³¢¸® ¹»¶ÇÀÚ²Ù ÆíÀ» °¡¸£°í ±×·¯³Ä"
"¤»¤»¤»¤»¤» ¸ñµ¿ÀÌ ºÎÃÌ ÀÌ·£´Ù. ¤»¤»¤»"
"[5]"
"ÇÑ°¡¶÷°í ÆíÀÔ"
"[4]"
"¹Úº¸°Ë »ç´Â°÷"
"[4]"
"µà½º"
"¾çÁ¤ ±³°¡°¡ ±×·¸°Ô °£Áö³­´Ù´Â°Ô Âü¸»ÀÎ°¡¿©"
"[6]"
"¹Úº¸°ËÀÌ 10´ÜÁö »ì¾Æ¿ä?"
"[7]"
"¾çÃµ±¸¿¡ ½ÅÀÇÁøÀÌ Ãâ¸¶ÇÑ´Ù´õ¶ó"
"¿©½É »ç·Î ÀâÀº Å°½ºÀåÀÎ ³²ÀÚ¹è¿ì´Â?"
"[µð½ÃìÑÅÍºä] BP¶ó´Ï¾Æ, ´Ù½Ã Start a Fire"
"¸ñµ¿Àº ¶°³ªÁö ¸¶¶ó"
"[3]"
"³»³âÀÌ¸é ½º¹°¼ÂÀÎµ¥  ¼ö´É°øºÎ ÇÕ´Ï´Ù ÇÑ½ÉÇÕ´Ï±î?"
"[5]"
"¾çÃµ±¸ÀÇ ºí·¢È¦Àº ½ÅÁ¤4µ¿ÀÌ´Ù. "
"[1]"
"½Å¼­°í"
"[4]"
"PSR ÁøÂ¥ ½Î´ë±â ÇÑ¹ø °¥±â°í ½Í´Ù."
"[3]"
"¾êµé¾Æ ´Ï³× ÇÐÃ¢½ÃÀý¶§ ÀÌ·±¾Öµé ºÃ³Ä?"
"[3]"
"¿©±â¿¡ º¤¾Ï°í ´Ù´Ï´Â ¤µ¤¢µé ÀÖ³Ä??"
"¾çÁ¤°íÃàÁ¦ ¿©ÀÚ¸¹ÀÌ¿À³ª??"
"[3]"
"¾¾¹ß Á¿Ãµ°í Á¹¾÷µµ ¾ó¸¶ ¾È³²¾Ò´Ù"
"[5]"
"¾çÃµ±¸¿¡ ÀÌ·± ¿Í²Ù ÀÖ³ª¿ä"
"[1]"
"¹é¾ÏÀÌ ³´³Ä Áø¸íÀÌ ³´³Ä"
"[14]"
"¼º±Õ°ü´ëÇÐ±³ ÀÚ¿¬°úÇÐÄ·ÆÛ½º ÃÖ±Ù ¿µ»ó"
"µæ¼ºÀÌ½Ã¹ß"
"[4]"
"ÇÏÀÌÆä¸®¿Â º°·Î´õ¶ó"
"[15]"
"¸ñµ¿Ãâ½Å À¯ÀÏÇÑ º°ÀÌ½Ã´Ù.."
"[4]"
"»ø·¯µå"
"°«º»..."
"¸Á°¶"
"[1]"
"¿©Ä£ÀÌ¶û dvd¹æ °¡·Á°íÇÏ´Âµ¥"
"ÀÌ´ë¸ñµ¿º´¿ø Áø·áºñ Áø½É Ã¢·ÄÇÏ³×¿ä."
"[7]"
"½Ã¹ß ¿©±â ³»°¶±â¿´´Âµ¥?"
"Áö±Ý ¸ÔÀ¸¸é »ì Âî°ÚÁö"
"¶ó¸é ¸Ô°í½Ã ´Ù"
"¢½"
"¢½"
"¢½"
"¢½"
"Àú³á ¸Ó ¸Ô Áö"
"¹è°í ÇÁ´Ù"
"³»°¡ ±â¾ïÇÏ´Â ¾çÃµ±¸. (20´ë ÈÄ¹Ý ³ë¶¥ÀÌ ¸»ÇØÁÖ´Â 90³â´ë ±× ¶§)"
"[6]"
"¿©½É »ç·Î ÀâÀº Å°½ºÀåÀÎ ³²ÀÚ¹è¿ì´Â?"
"[µð½ÃìÑÅÍºä] BP¶ó´Ï¾Æ, ´Ù½Ã Start a Fire"
"Áö´Â Àç¹Õ´Ù°í »ý°¢ÇÏ°í ¿À°ÚÁö"
"ÀÚÁö»õ³¢ ±â¾îµé¾î¿À´Ï°¡ ³ëÀë"
"¤»¤Á ¾îµð¼­ º¸¸ª³»³­´ÙÇß´õ´Ï ¸Þ¿ÀÈÄ¿´³ë¤»¤»¤»¤»"
"[3]"
"^¤·^"
"ÁØ¿¡¹Ì´ÔÀÇ °¶±âÀÔ´Ï´Ù"
"°¶±â°°Àº¼Ò¸®Çã³× ¾¯~~'¹ú³âÀÌ¤»"
"[2]"
"Çã¸®Çã¸®"
"¾Æ °¶±â ¹Ù²ã¾ßÇÏ³ª"
"¾çÃµ±¸´Â °íÇâÀÏ»Ó ¤Ì.¤Ì"
"¶¥°ª ¶³¾îÁöµç ¾È ¶³¾îÁöµç"
"šÃ¹ú ³²ÀÇ °¶±â ¿ÀÁö¸¶¼¼¿©"
"¾çÃµ±¸ vs ±¸·Î ±ÝÃµ±¸"
"[2]"
"¾îÁ¦ ±×¾ËÀßºÃ½À´Ï´Ù ½ÅÁ¤µ¿ ¶¥°ª ¶³¾îÁö´Â¼Ò¸®°¡"
"[1]"
"ÀÌµû Àú³á ¾Ë¹Ùµµ ÀÖ´Ù¤Ì¤Ì"
"Åð±ÙÇÏ¸é ÆÄ½ºÅ¸ ¸ÔÀ»·©"
"¾Æ ¹è°íÆÄ"
"³Ê¸¸ ¿©ÁÖ°¡ µÅÁÜ ÀÌ°Ç ¸í~ÀÛÇ°!"
"¾î¤Ã~~~~~~±×³à¸¦ ³ë·È½á ³»°¡!"
"¤Ì"
"¤Ì"
"¤Ì"
"¤Ì"
"¤Ì"
"¤Ì"
"¤Ì"
"¤Ì"
"Èþ ¾çÃµ±¸ ¸¾¿¡ µé¾ú´Âµ¥"
"ÆÇÀ½·¯ ÀÖ³ª¿è?"
"¿¨ ´©°¡  ÃßÃµ¶§¸²"
"´©°¡ ´ë½Å"
"¿©½É »ç·Î ÀâÀº Å°½ºÀåÀÎ ³²ÀÚ¹è¿ì´Â?"
"[µð½ÃìÑÅÍºä] BP¶ó´Ï¾Æ, ´Ù½Ã Start a Fire"
"³¯ÀÌ Ãä´Ù"
"¤Ð¤Ð"
"¾Æ ¹è°íÆÄ"
"¾ç"
"Ãµ"
"±¸"
"Á¡"
"·É"
"ÁØ¿¡¹Ì´ÔÀÇ °¶±âÀÔ´Ï´Ù"
"¹®ÁØÈÖ »ç¶ûÇØ~~~~!"
"Á¦ °¶±â ÇÏ°Ú½À´Ï´Ù"
"¾çÁ¤°í Ãâ½Å ÅÅ·±Æ® ±è¼º¼ö ¸î±âÀÎÁö ¾Æ´Â»ç¶÷??"
"¾çÃµ°í ½ÃÇè ¶ËÀÌ³×"
"³ª ¾Æ´Â»ç¶÷ÀÌ ÇÏÀÌÆä¸®¿Â2»ê´Ù´Âµ¥"
"[1]"
"¾çÁ¤¿¡ ¿À¸é ´ç½ÅÀÌ ÇÒ ¼ö ÀÖ´Â°Í"
"[5]"
"¾ç»ÍÀº »¡¶ó°í ÀÖ´Â °Å¾ß."
"[1]"
"14´ÜÁö ÁöÀºÇÐ¿ø ´Ù†Ç´ø ³ðµé ¼Õ"
"´ã¿ä°°Àº°Å ÆÄ´Â°÷ ¾îµðÀÖÀ»±î¿ä?????"
"[4]"
"ÀÌ·±°÷µµ ÀÖ³× ¤»¤»"
"ÀÎ»ýÁÀ°°´Ù ºÒÇàÇÏ´Ù"
"¾çÃµ°í ¿Ã¶§ ½ÃÇèÀ» º¸µí »ý°¢ÇÏ°í ¿Í"
"[1]"
"¾çÃµ±¸·ÎÀÌ»ç°£´Ù"
"[1]"
"ºÎÅº°¡½ºÅÍÆ®¸° ÁßÇÐ±³°¡ ¾îµð³Ä"
"¸ñ3µ¿ ¸ñ2µ¿ ¾ÖµéÀº ¾çÃµ±¸±Ç °íµîÇÐ±³ Àß¸ø°¨."
"[2]"
"ÄÄ°øÀÌ³ª ¼ÒÇÁÆ®¿þ¾îÇÐ°ú ¼±ÅÃ½Ã ÃßÃµ ´ëÇÐ"
"¾çÃµ±¸ ¾Öµé¾Æ ¹°¾îº¼°Ô ÀÖ´Ù."
"[4]"
"¾çÁ¤¿¡ ÀÌ¼ºÇÐ ±×»ç¶÷ ¾ÆÁ÷ ÀÖ³Ä??"
"[2]"
"¾çÁ¤°íÀÇ ¿ì¼öÇÔ"
"[4]"
"¤»¤§¤»¤§¤»¤§¤»¤§¤§"
"¾È³à¿©¾î¾î¾î¾î¤Ã¤·¤·??"
"¿©½É »ç·Î ÀâÀº Å°½ºÀåÀÎ ³²ÀÚ¹è¿ì´Â?"
"[µð½ÃìÑÅÍºä] BP¶ó´Ï¾Æ, ´Ù½Ã Start a Fire"
"2015 ¼­¿ï ÁÖ¿ä 9°³´ë ³í¼úÀüÇü ÇÕ°ÝÀÚ ¼ö´É ¹éºÐÀ§ ¹× ³»½Å µî±Þ"
"NEW 2015 QS ¼¼°è´ëÇÐÆò°¡ 36°³ ÇÐ°úº° ¼øÀ§"
"ÀÛ³â¿¡´Â Ä¿ÅÍÄ® ¿ÃÇØ¿¡´Â Ä¿ÅÍÄ®"
"¾È³ç~"
"2015 THE ¼¼°è ´ëÇÐÆò°¡ ¼øÀ§(¿øº»)"
"¾È³çÇÏ¼¼¿ä"
"Â÷Å©¶ó¸¦ ¿¬´Ù´Â °ÍÀÌ °®´Â ÀÇ¹Ì 8"
"[1]"
"Çàº¹ ÁÖÅÃ Ãë¼Ò´Ù!!!"
"¾çÃµ±¸ ¼Ò½ÄÁ»"
"[2]"
"¾îÈÞ °³³ë´ä ¾çÃµ°í ¼öÁØ¤»¤»¤»¤»¤»¤»"
"[2]"
"Â÷Å©¶ó¸¦ ¿¬´Ù´Â °ÍÀÌ °®´Â ÀÇ¹Ì 7"
"Â÷Å©¶ó¸¦ ¿¬´Ù´Â °ÍÀÌ °®´Â ÀÇ¹Ì6"
"Â÷Å©¶ó¸¦ ¿¬´Ù´Â °ÍÀÌ °®´Â ÀÇ¹Ì 5"
"2014³â Æ¯¸ñ°í ¿µÀçÇÐ±³ Ãâ½Å ´ëÇÐ ÀÔÇÐÀÚ ¼ö ¼øÀ§"
"Â÷Å©¶ó¸¦ ¿¬´Ù´Â °ÍÀÌ °®´Â ÀÇ¹Ì 4"
"Â÷Å©¶ó¸¦ ¿¬´Ù´Â °ÍÀÌ °®´Â ÀÇ¹Ì 3"
"³Ø¼¾È÷¾î·ÎÁî °íÃ´µ¼ ÀÌÀü È®Á¤ ¤»¤»¤»¤»"
"°¢ ÇÐ±³º°·Î ¸¹ÀÌ °Å·ÐµÇ´Â ¼±»ýµé"
"±¸ÀçÀÎÇÑÅ× ¾ß±¸¹æ¸ÁÀÌ ¸Â¾Æº» ³Ñµé?"
"[5]"
"¾È³ç ³­ »ó·¡¶ó°í ÇØ"
"[2]"
"Çàº¹ÇÏ³Ä?"
"ÀÎ»ý"
"»ì°íÀÖ´Â"
"´Ï°¡"
"¤»¤»¾çÃµ°í°¡ ³»·ÁÁØ Ãàº¹ °«¤Ñ¼öÁ·±¸"
"¿Í ¾çÃµ±¸ °¶·¯¸® Á¿¸ÁÇß³×"
"¾çÃµ°í Á¶°¢Ä®»ç°Ç ¾Æ´Â°Å´Ù¾Ë·ÁÁÙ»ç¶÷"
"[1]"
"°­¼­°í Á¹¾÷ÇÑÁö 10³â µÅ°¡´Â ¾ÆÀçÀÎµ¥"
"[5]"
"¤»¤»¤»¤» ¾çÃµ°í  ½Ã¹ß ¾ß½º¿À µîÆÇ ¤»¤»¤»¤»"
"Á¶°¢Ä®·ÎÂî¸¥¾ê ÇÁ·ÎÇÊÁ»"
"[4]"
"¿©½É »ç·Î ÀâÀº Å°½ºÀåÀÎ ³²ÀÚ¹è¿ì´Â?"
"[µð½ÃìÑÅÍºä] BP¶ó´Ï¾Æ, ´Ù½Ã Start a Fire"
"¾çÃµ°í Á¶°¢Ä®Âî¸¥»ç°ÇÀÚ¼¼È÷¾Ë·ÁÁÖ½ÇºÐ"
"¤·¤º¤¡ 1ÇÐ³â ¹è¶§Áö¿¡ Ä®»§¶§¸² "
"[3]"
"´ëÀÏ°í¿¡µµ ÀÌX·ÄÀÌ¶ó°í ¾ÆÁÖ °³Á½°°Àº Áø·Î ¼±»ý »õ³¢ ÀÖ¾ú´Âµ¥"
"[3]"
"°³¼ºÄ®±¹¼ö ¾îµð °¬³ª¿ä?"
"¾çÁ¤ 110³âÀ» º¸³»¸é¼­"
"´ë °­¼­°í ÀÎµé¾Æ. ¸ð¿©¶ó"
"[2]"
"½º½ÂÀÇ³¯psr"
"[1]"
"¿ÃÇØ ³Ø¼¾ ¸ñµ¿¿¡¼­ °íÃ´µ¼±¸ÀåÀ¸·Î ¿Å±â´Â°Å³Ä???"
"[1]"
"¼ÖÁ÷È÷ °­¼­ ¾çÁ¤ ¹Ì¸¸Àâ"
"[3]"
"Á¤DSÀÌ°úÀÓ?"
"Áö±Ý »ì¾ÆÀÖ´Â ±îÄ¡»ê È­°î¿ª ´©³ªµé.."
"[1]"
"¿Ö ¾çÃµ°í ¤²¤µµéÀº PSRÀ» Á¦ÀÏ ½È¾îÇÒ±î"
"[5]"
"ÀÌ¹ø 1,2,3ÇÐ³â ¹Ý ÀÌµ¿¶§ ÀÚ¸®¾ÉÀº°÷¿¡ ¼­ºñ½ºÄÆ ±×·Áµå¸²"
"[1]"
"¼­¿ï·£µå ´É±Ý"
"¸ñµ¿ Åä´ÙÀÌ ¾î¶°³Ä??"
"[6]"
"ÀÚ»ìÇÏ±â ÁÁÀº°÷ ÃßÃµÁ»¿©..."
"[6]"
"PSR ÁÁÀººÐÀÌ½Å°Å ¸ÂÀ½ ±Ùµ¥"
"[1]"
"¿©±â¼± ±¤°íÇÏÁö¸¶ º´½Å¾Æ"
"¶°. ¶¸³Ä?!!!!!"
"[1]"
"### ¸ñµ¿ 3´ÜÁö ÁÖÂ÷½ºÆ¼Ä¿ ###"
"PSR°ú Jµæ¼º"
"[4]"
"¾çÃµ°íÃâ½Å¸¹†¶¤»"
"[2]"
"¾çÁ¤½Ü º°¸íÀÖ´Â ¼±»ý¸ñ·Ï"
"[8]"
"¾çÃµ°íPSR³Ê¹« ¿åÇÏÁö¸¶¶ó"
"ÇÔÁãÇ¥"
"¿©±â Àº±Ù º¸´Ï±î ÀÏ°ÔÀÌ»õ³¢µé Á¸³ª ¸¹³×"
"[1]"
","
"¾çÃµ°í ¾ßÂ©·¯"
"[1]"
"»ó·¡ÀÇ¿À¸£°¡Áò"
"ÇÐ±³Æí°¡¸£±âÇÏ°íÀÚºü º³×"
"[1]"
"¿©½É »ç·Î ÀâÀº Å°½ºÀåÀÎ ³²ÀÚ¹è¿ì´Â?"
"[µð½ÃìÑÅÍºä] BP¶ó´Ï¾Æ, ´Ù½Ã Start a Fire"
"¾çÃµ°í ¿¡½ºÆÛ"
"[1]"
"¾çÃµ°í 1ÇÐ³âÀÌ ¹Ú»ó¿¡°Ô Ä¿ÅÍÄ®À» ´øÁ³´Ù°í?"
"[1]"
"°íµîÇÐ»ý¶§ ½ä Ç®¾îº»´Ù"
"¾çÃµ°í ´Ù´Ï´ÂºÐ °è½Å°¡¿©¾î? Áú¹®ÀÖ¾î¿©-(¹Ì´Ï¸ÊÀÖÀ½)"
"[2]"
"¾çÃµ°í ¸ÖÆ¼½Ç Å¬¶ó½º"
"[2]"
"¾Æ ¾¾¹ß ¹è¼®¹ü ¹ÌÄ£ °Å ¾Æ´Ï³Ä"
"[3]"
"10´ÜÁö °ÅÁöµ¿³× ¾Æ´Ï³Ä?"
"[1]"
"Å°½æ³»²¨´Ï±î ±×·¸°Ô¾Ëµµ·Ï"
"[1]"
"³ª 1-8 PJYÀÎµ¥"
"[1]"
"¾çÁ¤ÈÄ¹è³ðµé¾Æ"
"[3]"
"Ã¥»ì¶© Áß°í·Î »ç¶ó .JPG"
"[1]"
"¾çÃµ±¸ ´Ôµé¿¡°Ô °³Ãß°³ÃßÇÏ´Â ÇÁ·Î±×·¥. ¸¶°¨ ÀÓ¹Ú!!! ½ÅÃ» ±Å±Å±Å±Å±Å."
"»ó·¡°« 13ÀÏÂ÷"
"¾çÃµ°í ¼ù°¡¶ô ¼öÁë.jpg"
"[2]"
"¾çÃµ°¶Àº ¾çÁ¤ÀÌ Á¢¼öÇÕ´Ï´Ù."
"¾ç¿ëÁØ½Ü º¸°í½Í´Ù"
"[2]"
"¾çÁ¤ ¿ÀÄÉ »ý°¢ÇÏ´Â 1ÇÐ³â ¿¡°Ô µé·ÁÁÖ´Â ¸»"
"[1]"
"¾çÁ¤ ¿ÀÄÉ½ºÆ®¶ó »ý°¢ÁßÀÎ 1ÇÐ³âµé ºÁ¶ó"
"[2]"
"¾çÁ¤°í ¾Æº£ 8´ëµ¥ ±³Àå¼³ »ç½ÇÀÌ³Ä"
"[3]"
"¾çÃµ±¸¿¡ ¿Ü±¹ÀÎ ¸¹Àº °÷ÀÌ ¾îµð?"
"¹®°ú"
"ÀÔÇÐ½Ä »ó·¡¹Ú¼ö¼Ò¸®°¡Á¦ÀÏÄÆ¾ù³ª"
"[2]"
"»ó·¡ ¿ø·¡ ÀÌ·³?"
"[4]"
"¿©±â ¼ÖÁ÷È÷ Á¿¸Á°Ö"
"¾à ÇøÂ©"
"[2]"
"»ó·¡ ±³°ú¸ñÀÌ?"
"½ÅÀÔ»ý6¹ÝµÊ"
"¹é¾Ï°í µÎ¹ß"
"[3]"
"¿À´ÃÀÚ »ó·¡¾Ö±³"
"[4]"
"8¹ÝµÊ ^¿À^"
"[2]"
"¿©½É »ç·Î ÀâÀº Å°½ºÀåÀÎ ³²ÀÚ¹è¿ì´Â?"
"[µð½ÃìÑÅÍºä] BP¶ó´Ï¾Æ, ´Ù½Ã Start a Fire"
"¾çÃµ°í ½ÅÀÔ»ýÁß¿¡ 8¹ÝµÈ»ç¶÷"
"[2]"
"¿©±â ¿¹ÀüÀÌ¶û ºÐÀ§±â°¡ ¸¹ÀÌ ´Ù¸£±¸³ª"
"Áö³ª°¡´ø ¾ç°¶·¯¿ä ¼ÒÁdÀÌ ¸îÀÚ Àû¾î º¸°Ú¼Ò"
"¾çÃµ°í ÈÄ¹èµé¾Æ"
"[2]"
"¸ñµ¿½ÃÀå¿¡¼­ ¤²¤·¤» ¤º¤» ¸Ô´Ù µðÁú»·"
"¾ÆÁøÂ¥ ¼º°Ý ³Ê¹«ÀÌ»óÇØÁ³´Ù"
"È¤½Ã 14´ÜÁöÂÊ ½Ç¿ëÀ½¾ÇÇÐ¿ø ¾Æ´Â»ç¶÷"
"[1]"
"½ÅÁ¤µ¿´ë Çâ¹æ¶Ù¾îº» ¿¹ºñ±ºÀº ¼Õµé¾îº¾´Ï´Ù..."
"¼ÖÁ÷È÷ ÀÌ¿Ï±¸ ¹Ý´ëÇÑ ¾çÁ¤ÀÎÀÌ´Ù"
"[2]"
"°« °í1µÇ´Â ³Ñµé¾Æ. °Ü¿ï¹æÇÐ¶§ ÃÖ¼ÒÇÑ ÀÌ°Å ÇØ¶ó."
"[1]"
"¿¨? ¾çÁ¤°í °Å±â ÀÌ¿Ï±¸ ³ª¿Âµ¥ ¾Æ´Ï³Ä?"
"[3]"
"ÀÌ¿Ï±¸¶§¹®¿¡ ¾çÁ¤ÀÎÀ¸·Î½á ÂÊÆÈ¸°´Ù"
"[1]"
"¿ª½Ã »ç¶÷Àº ¾çÁ¤À» ³ª¿Í¾ß"
"[4]"
"¼ÖÁ÷È÷ ¿©°í´Â ¸ñµ¿°íÁöww"
"[6]"
"¾ç°¶È°µ¿ Á¢½À´Ï´Ù."
"[1]"
"Áø¸í ¹«³ÊÁö¸é ¾î¶»°ÔÇÔ?"
"[4]"
"¾çÁ¤ ¤½¤¸¤¡ vs ¾çÃµ ¤²¤µ¤©"
"[2]"
"¾çÁ¤Æò¾Æ"
"[1]"
"½Å¿ù 2, 4, 6µ¿ ¿äÁò ±ÙÈ²ÀÌ ¾îÂîµË´Ï±î? "
"[1]"
"¿À´Ã ¹Ý¹èÁ¤º¾´Ï´Ù."
"[2]"
"¿ª½Ã¾ç°¶Àº»¹±ÛÀÌ³ÑÄ¡³×"
"[1]"
"2015 »õ³»±âµéÀ» À§ÇÑ °íµîÇÐ±³ ÂªÀºÆò°¡"
"[7]"
"¾çÁ¤ ¿ÃÇØ 2ÇÐ³â ÀÌ°ú"
"[1]"
"¾çÃµ±¸¿¡ °ø¸³°í°¡ ¿ßÄÉ ÀûÀº ÆíÀÌÁö...?"
"[2]"
"¿©ÀÜµ¥ °íµîÇÐ±³ ¾îµð°¡Áö"
"[11]"
"°­¼­°í ÀÌ¹ø¿¡ ¼­¿ï´ë 2¸í°¬´Ù¸ç? ¤»¤»¤»"
"[4]"
"¾çÁ¤°í ¹é¹üÀÏÁö °­Á¦±¸¸Å¤µ¤²"
"[5]"
"¾çÁ¤Áß Á¹¾÷»ýÀÎµ¥ ¾çÁ¤Áß ºñÆÇÇÏ´Â ±Û ½áº¾´Ï´Ù."
"[10]"
"²Ã¶û °íµîÇÐ±³ ÇÏ³ª °¡´Â °Å °¡Áö°í °­¼­°í°¡ ³´³× ¾çÁ¤°í°¡ ³´³×..."
"[1]"
"¾çÃµ°í ¹èÁ¤µÈ ÈÄ¹èµé¾Æ Æ¯È÷ ÀÌ ºÐÀº Á¶½ÉÇØ¾ßÇÑ´Ù."
"[1]"
"¿©½É »ç·Î ÀâÀº Å°½ºÀåÀÎ ³²ÀÚ¹è¿ì´Â?"
"[µð½ÃìÑÅÍºä] BP¶ó´Ï¾Æ, ´Ù½Ã Start a Fire"
"A¤¿, ³»°¡ °­¼­°í´Ù!"
"[2]"
"½Å¸ñ°í ³²³àºñÀ² ¾îÄÉµÇ³Ä"
"[3]"
"(±Ã¿¹·Â »ó½Â)°­¼­°í¸¦ ºû³½ ÀÎ¹°"
"[4]"
"¾Æ ¹Ý¹èÁ¤"
"[2]"
"¾çÁ¤¿À´Â ÀÚ³×"
"[1]"
"(°øÁö)°­¼­°í °ü·Ã »çÁø°ú ³»¿ëÀ» ¿Ã·ÁÁÖ½Ê½Ã¿ä."
"[1]"
"¾çÃµ°í ¹Ý¹èÁ¤"
"[1]"
"¾çÃµ°¶ ³» °íµîÇÐ±³ º° ÁöºÐ"
"[5]"
"¿À´ÃÀÇ ¹®ÇÐ"
"[1]"
"Áø¸í°¶·¯ÀÕ³Ä"
"[2]"
"¾çÁ¤ Á¹¾÷»ýÀ¸·Î½á ¸»ÇÑ´Ù-¾çÁ¤ÀÌ ÁøÂ¥ ÀÎ»ý¿¡ µµ¿òÀÌ µÇ·Á¸é"
"[4]"
"¾çÁ¤´Ù´Ï´ÂÀÔÀå¿¡¼­¸»ÇÑ´Ù"
"[3]"
"Á¿°íµùµé »ÓÀÎ°Í °°Àºµ¥ ¾ûÅ¬½º °¡ºÃ³Ä?"
"[3]"
"³ª´Â Ä§¹¬Çß´Ù"
"[2]"
"¼ÖÁ÷È÷ ¾çÁ¤>³Ñ»çº®>>°­¼­ ¾Æ´Ï³Ä?"
"[3]"
"¾ÆÅäÁî¿À½ÇºÐ "
"[1]"
"ÆæÀº Ä®º¸´Ù °­ÇÏ´Ù"
"[2]"
"Á÷¿ø°³½Î°¡Áö"
"[1]"
"Çö¿ª °íµùÀÌº¸´Â ¾çÃµ±¸ °íµîÇÐ±³ (1)"
"[8]"
"±î¸£Çª¾ß µ¹¾Æ¿Í ¤Ì¤Ì"
"[2]"
"¾çÁ¤°í µ¶»ç ´ãÀÓÀ¸·Î¼­ ¾î¶²°¡¿ä?"
"[1]"
"½Ã¼³ ÁÁÀº µ¶¼­½Ç ÃßÃµºÎÅ¹µå·Á¿ä"
"[1]"
"ÅÂÈñ"
"°øÇ×°í (¹Ú¸í¼ö´À´Ô )³ª¿Âµ¥´Â ¼øÀ§·Î ¾ó¸¶³ªµÇ Çüµé ÇÑ¼­º¸´Ù ÂÉ¾Æ?"
"[2]"
"¿ùÃÌÁß¿¡¼­ 5,6³âÀü¿¡ ¹¹ »ç°Ç ÀÖ¾ú´Ù´Âµ¥ ¾Æ´Â »ç¶÷"
"¾ç»Í¿¡ ÃëÇÏ¶ó"
"¾Æ¸§´Ù¿î ¼­¿ï¿¡¼­ ¼­¿ï¿¡¼­ »ìÀ¸·Æ´Ï´Ù"
"¾çÁ¤ÀÌ ÀÏ¹Ý°í¿Í °°´Ù°íÇÏ³×¿ä"
"[4]"
"¾çÃµ±¸ ³»¿¡ÀÖ´Â ÇÐ±³µé Á¤¸®(Æ¯È÷ ½ÅÀÔ»ý ÇÊµ¶)"
"[11]"
"È«ÀÍº´¿ø ±ÙÃ³¿¡ ½ºº£´© »ý°å³× ¤»¤»¤»¤»"
"[1]"
"¿©½É »ç·Î ÀâÀº Å°½ºÀåÀÎ ³²ÀÚ¹è¿ì´Â?"
"[µð½ÃìÑÅÍºä] BP¶ó´Ï¾Æ, ´Ù½Ã Start a Fire"
"¡Ú¾êµé¾Æ È¤½Ã ¾çÃµÃ¼À°¼¾ÅÍ ÇÏ´Â »ç¶÷?"
"¿©±â°¡ ¾ç°¶ÀÎ°¡¿©??"
"¾çÁ¤ ¼±¹è´Ôµé ÀåÇÐ»ý ¼±¹ß°í»ç¿ä"
"[4]"
"¾çÃµ±¸ »ç¿ì³ª ±«´ã.txt"
"[1]"
"¾ç°¶ º´½Å»õ³¢µé ¸ñ·Ï.txt"
"[3]"
"¸¶°î¹èµå¹ÎÅÏÀå °¡º»»ç¶÷ ÀÖ³Ä?"
"¾çÁ¤Àº ¤½¤¸¤¡¸¸ ¾ø¾îµµ ÇÐ±³°¡ »ó´çÈ÷ ¹ßÀüÇÒÅÙµ¥"
"[7]"
"¾çÃµ°í ±Þ½Ä¸ÔÁö¸¶¶ó ¿©µå¸§µ¢¾î¸®·Î Á¹¾÷ÇÏ±â½ÈÀ¸¸é"
"¾çÃµ°í ´Ù´Ï´Â °¶·¯ÀÎµ¥ ³ª ¾ó±¼Æò°¡Á»"
"[1]"
"¹é¾Ï°í-±Ý¿Á¿©°í-¾çÃµ°í ÀÖ´Â µ¿³×µµ ¾ÆÆÄÆ® Á» ÀÖ¶²µ¥ °Å±â°í ÇÐ±¸¿­›»? "
"[7]"
"¹é¾Ï¼Ò½ÄÁ»"
"¾çÁ¤¿À´Â ½ÅÀÔ»ýµé¾Æ º¸¾Æ¶ó"
"[3]"
"°«Á¤±ÇÀÌ ¿©±âµµ ¿À†r¤»¤»¤»¤»¤»¤»¤»¤»¤»¤»"
"¼­¿ïÀÇ Çª¸¥ÇÏ´Ã¿¡ È÷¾î·ÎÁî ±â¸¦ ³ô¿©¶ó¡Ú¡Ù¡Ú¡Ù"
"[2]"
"¾çÃµ°¶À» Çô°¶ Á¦5 ´ëÇÇ¼Ò·Î ÁöÁ¤ÇÕ´Ï´Ù."
"[2]"
"¾çÃµ±¸ °íµîÇÐ±³ ¼øÀ§"
"[16]"
"¾Æ Áø¸í¿Â°Å °³ÈÄÈ¸"
"[11]"
"ÀÌ¹ø ¸ñµ¿°í ÀÏÇÐ³â ¸ðÀÇ°í»ç ¼ºÀû ¸ñµ¿±Ç Å¾ÀÓ"
"[2]"
"¿©±ä °è¼Ó °íµù¸¸ÀÖ³×"
"¿¹ºñÁß3ÀÎµ¥ ¿µÀÏ°í ½Ã¼³ ¾î¶²°¡¿ä"
"[1]"
"¾çÃµ°í 1ÇÐ³â ±è¹ÎÇõ"
"Èûµé´Ù"
"[1]"
"°­¼­°í ÀÔÇÐ ¿¹Á¤ÀÚ ¶ó¸é ²À ºÁ¾ßÇÒ ÇÊµ¶¼­!!"
"³ª ¾çÁ¤ ³ª¿Ô´Âµ¥"
"[6]"
"2014³â ÁÖ¿ä´ëÇÐ- Ãë¾÷·ü ÆòÆÇµµ ¹× »çÈ¸ÁøÃâµµ"
"ÀÌ»çÀå´Ô ÈÆÀå ¹ÞÀ½"
"[1]"
"¿©±â ¾çÃµ°¶ÀÎµ¥"
"[1]"
"¾çÁ¤°í °æÀï·üÀÌ Áõ¸íÇÏ´Â ´ë¾çÁ¤"
"¾çÁ¤°í ¼ö´É ¸¸Á¡ÀÚ ³ª¿È"
"[1]"
"¸ñµ¿ ¿À¸ñ±³ÂÊ¿¡ »ç½Ã´Â ºÐµé ±Á½Å±Á½Å"
"[5]"
"¿©½É »ç·Î ÀâÀº Å°½ºÀåÀÎ ³²ÀÚ¹è¿ì´Â?"
"[µð½ÃìÑÅÍºä] BP¶ó´Ï¾Æ, ´Ù½Ã Start a Fire"
"»ç¹ý°í½Ã ÃÖ¿¬¼Ò ¿ì¸®µ¿ÀÌ³×"
"Áø¸íÀçÇÐ»ý»¡¸® ±ÞÇÔ"
"[1]"
"¤¾"
"çÈ Å¸ÀÓ½º (THE) 2014~2015 ¼¼°è ´ëÇÐÆò°¡ ¼øÀ§"
"¾çÃµ°í Á¤Àº¿µ½Ü °³µû¸Ô°í½Í´Ù!"
"½Å¿ùµ¿ ÅÂÇü¾ÆÆÄÆ® ¤µ¤²´ä¾ø´Ù"
"[1]"
"ÄOµé °íµîÇÐ±³ Áú¹®Á¡"
"[1]"
"Áö±Ý¸ñ2µ¿ÂÊ¿¡°ËÀº¿¬±â¿Ã¶ó¿À°íÀÖ´Âµ¥"
"[1]"
"¹é¾Ï°í ¾Õ¿¡ ÀÌ °Ç¹° Á¤Ã¼°¡ ¸ðÀÓ?"
"[6]"
"¹é¾Ï°í´Â µµ´ëÃ¼ ¾ó¸¶³ª¾²·¹±âÀÌ±æ·¡ ÀÌ¹ÌÁö°¡ ÀÌ·¸°Ô ¾ÃÃ¢ÀÌ³Ä? "
"[2]"
"¸¶Æ÷°í ¾çÃµ±¸ °­¼­±¸ ÇÕÃÄ¼­ ¾î´ÀÁ¤µµ ±ÞÀÌ³Ä"
"¾çµµ À©µµ¿ì ¹öÁ¯ ¾Æ´Â»ç¶÷"
"Àü´ã°¡°Ô ¾îµð¾îµðÀÖÀ½¿©"
"¸ñ1µ¿ Çö´ë3Â÷ ¾ÆÆÄÆ®´Â 107,108µ¿¸¸ ÀÖ´Â°ÅÀÓ??"
"¾çÃµµµ¼­°ü ±ÙÃ³ °¡¼ººñÁÁÀº ½Ä´çÁ¡"
"[3]"
"¸ñµ¿ 11´ÜÁö µ¶¼­½Ç ¾î¶¶?"
"¾çÁ¤°í ¿îµ¿Àå¿¡ Ã¶ºÀ, ÆòÇàºÀ ÀÖ³ª¿ä?"
"[2]"
"¾çÃµ±¸, Ç³¼ºÇÑ ¿¹¼úÁ¦ ¹× ¹®È­Çà»ç °³ÃÖ"
"½Å¿ù4µ¿ÂÊ¿¡ "
"[2]"
"NEW 2014/15 QS¼¼°è´ëÇÐ·©Å· ÇÐ¹®ºÐ¾ßº° ´ëÇÐ¼øÀ§"
"¿©±â°¡ ¾îµð¾ÆÆÄÆ® ÁÖÂ÷Àå ÀÎÁö ¾Æ½Ã´ÂºÐ~!"
"[2]"
"¾çÁ¤ ±¹Á¦±³·ù Å¬¶ó½º"
"ÀúÈñ¾ö¸¶°¡ ¾çÁ¤ ÀÔÇÐ¼³¸íÈ¸ °¬´Ù¿À¼Ì´Âµ¥ ¾çÁ¤ ¾î¶²°¡¿ä?"
"Àú Áø¸í ¿©ÇÐ»ýÀÎµ¥¿ä... ±×¶§ ¹é¼±Á¦ ³¡³ª°í³ª¼­"
"Çàº¹ÇÑ ¹éÈ­Á¡¿¡¼­ ÆÄ´Â ¾ç¸» Å¬¶ó½º º¸¼Ò"
"¾ÆÁÖ´ë ÁÁ´Ù ¾ÆÁÖ´ë ¿Í¶ó ¾çÃµ±¸ °íµîÇÐ»ýµé¾Æ"
"¿ÃÇØ ¾çÁ¤°í Á¹¾÷ÇÑ´Ù Áú¹®¹Þ´Â´Ù"
"³Ê³×µéÀÌ ¹Ù¶ó´Â°Í.jpg"
"¾ß Çö´ë¹éÈ­Á¡ Áö±Ý »óÈ²ºÁ¶ó ¤§¤§¤§¤§"
"¾çÁ¤ ÁøÂ¥ ÁÁ´Ù ¿Í¶ó ²À"
"¿©½É »ç·Î ÀâÀº Å°½ºÀåÀÎ ³²ÀÚ¹è¿ì´Â?"
"[µð½ÃìÑÅÍºä] BP¶ó´Ï¾Æ, ´Ù½Ã Start a Fire"
"¾çÁ¤°í ¿Ö°¡³Ä"
"[1]"
"µ¹Á÷±¸ÀÇ ÂüµÈ ¿¹"
"¾çÃµ±¸°¡ ¿Ö »ì±â ÁÁÀº Áö¿ªÀÌ³Ä¸é"
"¤Ã¤Ì¤Á....jpg"
"Çàº¹ÁÖÅÃ °ø»ç ¹Ì·ïÁö°Å³ª ¾È ÇÒ ¼öµµ ÀÖ°Ú³×"
"¾çÃµ±¸ °íµîÇÐ±³ (ÀÚ»ç°í/ÀÏ¹Ý°í ºÐ·ù)º°·Î ´ëÇÐÁøÇÐ·ü ¤§¤§"
"¾çÁ¤¿¡¼­ ±ÇÁ¾¼ö ¼±»ý´Ô ÀÌ»óÇÑ ¼±»ý´ÔÀÌ¶ó´Âµ¥"
"[2]"
"ÀÌ°Å ¹¹³Ä? ½ÃÀ§ÇÔ?"
"Çàº¹ÇÑ ¹éÈ­Á¡ ¾Õ¿¡ ¤§¤§"
"¹é¾Ï°í ½ÃÇè ¾î·Æ³ª¿ä?"
"¹é¾Ï°í Å¬¶ó½º ¤»¤»¤»¤»¤»¤»¤»¤»¤»¤»¤»¤»¤»¤»¤»¤»¤»¤»"
"¾çÁ¤¿¡ ¿ø¼­ ³Ö¾ú´Âµ¥ ÇÐ±³ ºÐÀ§±â ¾î¶§¿ä?"
"ÀÌ¹ø¿¡ ¾çÁ¤ ±¹Á¦±³·ù ÇÏ·Á´Âµ¥ ¾îµð°¡ Á¦ÀÏ ÁÁ³ª¿ä?"
"[1]"
"¸ñµ¿¿¡´Â À¯¸íÇÑ ½Ä´ç ¾ø³Ä?"
"[1]"
"¾çÃµ°í ¼±»ý´Ôµé Áß¿¡ À¯¸íÇÏ½Å ºÐ ´©±¸ ÀÖ³Ä"
"¾çÁ¤ 1ÇÐ³âÀÎµ¥ ¿©±â°¡ 4³âÁ¦¶ó´Â °Ô ÂüÆ®·ç?"
"¾çÃµ°í ÀÌ¹ø³âµµ Á¹¾÷ÇÑ´Ù Áú¹®¹Þ´Â´Ù"
"[2]"
"¹é¾Ï ÀÚ»ì¿¡ ´ëÇØ ¾Ë·ÁÁà¶ó"
"¾çÁ¤°í Ä­Åä±¹Á¦°íµîÇÐ±³ ±¹Á¦±³·ù¿¡ ´ëÇØ¼­ Áú¹®ÇÕ´Ï´Ù"
"[3]"
"¹é¼±Á¦ Àç¹Ì¾¸?"
"[1]"
"¾çÃµ°íÃàÁ¦"
"¼º±Õ°ü´ë °ø´ë vs ¿¬¼¼´ë °ø´ë ºñ±³"
"[2]"
"°­¼­°í Àç´Ü"
"[2]"
"ÇÑ°¡¶÷ ¹®°ú¿¡¼­ 100µîÁ¤µµÇÏ¸é ¾îµð°¡³Ä?"
"[4]"
"°æÀüÃ¶ ¸ñµ¿¼± 111¹ø ¿ª ÀÌ¸§Àº '¾çÁ¤¿ª' ÀÌ´Ù"
"[4]"
"¹é¾Ï ÀÚ»ì»ç°Ç ¹¹³Ä?"
"[4]"
"¾çÁ¤°í Å¬¶ó½º!"
"[2]"
"¿©±â¼­ ¤·¤¸ºÎ½ÉºÎ¸®´Â ³Ñµé"
"[4]"
"¾çÁ¤ ½Ç¼¼ ´©±¸´©±¸³Ä"
"[2]"
"¾çÁ¤ÀÌ ¤¾¤¼¤ºÀÎ ÀÌÀ¯"
"[3]"
"¿©½É »ç·Î ÀâÀº Å°½ºÀåÀÎ ³²ÀÚ¹è¿ì´Â?"
"[µð½ÃìÑÅÍºä] BP¶ó´Ï¾Æ, ´Ù½Ã Start a Fire"
"°­¼­°í ³ª ¶§´Â 100µî ¾È¿¡ ¸øµé¸é ³ª¶ôÀÌ¶ó Çß¾ú´Âµ¥¤»"
"[1]"
"¸ñµ¿ ³¢¸®µµ ¼­¿­³ª´®? "
"[1]"
"¾È³çÇÏ¼¼¿ä. ¾çÁ¤°íµîÇÐ±³¸¸ÇÑ ÇÐ±³°¡ ¾ø´õ±º¿ä"
"[3]"
"ÀÌ°Å ±â¾ï³ª´Â »ç¶÷?"
"[1]"
"Ä¼ Áø¸í¼öÁØ"
"[1]"
"¾çÁ¤ÀÌ 1599³â °Ç¸³ÀÌ¶ó´Âµ¥ »ç½ÇÀÎ°¡¿ä."
"[2]"
"2014 QS ¼¼°è´ëÇÐ Æò°¡ ÇÐ°úº° ´ëÇÐ¼øÀ§"
"[1]"
"7ÇÐ±º(¾çÃµ,°­¼­) °íµîÇÐ±³ °è±Þ (Æ¯¸ñ°í Á¦¿Ü)"
"[3]"
"¼­¹®¼®Çï½º 3°³¿ù ¾çµµ ~10¿ù22ÀÏ±îÁö(8¸¸¿ø)"
"[1]"
"½Å¸ñ°í °í1¼öÇÐ ³»½Å 3µî±ÞÀÌ¸é ¸ðÀÇ ¾î´ÀÁ¤µµ³Ä?"
"[1]"
"Æ®¶óÆÓ¸®½º ÀÌ¸¶Æ® ¿·¿¡ ÀÖ´ø Çï½ºÀå"
"[1]"
"2014 ¼º±Õ°ü´ë ÀÌ°ø°è"
"[1]"
"¼³Áö¼ö Ä£ÃßÇØ¶ó"
"[1]"
"½Å¸ñ 3µî±Þ 1ÇÐ³âÀÓ"
"[2]"
"ÅÂ¾î³ª¼­ 20¿©³âµ¿¾È ¾çÃµ±¸¿¡ »ì¸é¼­ ¾çÃµµµ¼­°ü ÀÌ¿ëÇØº»ÀûÀÌ ¾ø´Ù..."
"[3]"
"½Å¼­°í ¾²·¹±â¤»¤»¤»¤»¤»"
"[1]"
"´ë¾çÁ¤°í ±× Âù¶õÇÑ ¿ª»ç"
"[2]"
"½ÅÁ¤³×°Å¸® ¿ÀÅ¸ÄíÇì¾î.... "
"[5]"
"¾ß ¿À´Ã ¿À¸ñ±³¿ª¿¡¼­ È­Àç»ç°í¿¡ ÀÎ¸íÇÇÇØ ³´´Ù´Âµ¥ »ç½ÇÀÌ³Ä??"
"[6]"
"¹æÇÐ½Ä ¸î½Ã¿¡³¡³ª³Ä?"
"[2]"
"¿ì½Å°í°¡ ÀÖÀ¸¹Ç·Î¼­ÀÇ  ÀÇÀÇ"
"[7]"
"¾çÃµ±¸ ¾ÆÆÄÆ®½Ã¼¼ ³»ÀÏ ¾ó¸¶³ª ³ª¿Ã±î³ª???"
"[2]"
"¤²¤·Àº ¤¶¤¢¤¼ÇÐ±³´Ù °¡Áö¸¶¶ó"
"[2]"
"´ÙÀ½¿£ ¼º°øÇÏÀÚ"
"[2]"
"¾çÃµ±¸ 11ÀÏ¿¡ ³ª¿Ã ¾ÆÆÄÆ® ½Ã¼¼°ªÁ» ¾Ë¾Æ¸ÂÃçº¸ÀÚ"
"[2]"
"ÀÌ¹øÁÖ ¾çÃµ±¸ ¾ÆÆÄÆ® ½Ã¼¼°ª ¾î¶³°Å °°À½?"
"[2]"
"·»ÂÐ´ÙÅ°ÇÏ°í ¿äÁ¶¶ó ½ÇÄ£ÀÎµ¥"
"[10]"
"¾çÃµ°¶ Á¶¿ëÇÏ³×"
"[4]"
"·»ÂÐ´ÙÅ°"
"[16]"
"¾È³çÇÏ¼¼¿ä. ¾çÁ¤°íµîÇÐ±³¸¸ÇÑ ÇÐ±³°¡ ¾ø´õ±º¿ä."
"[8]"
"¿©½É »ç·Î ÀâÀº Å°½ºÀåÀÎ ³²ÀÚ¹è¿ì´Â?"
"[µð½ÃìÑÅÍºä] BP¶ó´Ï¾Æ, ´Ù½Ã Start a Fire"
"·»ÂÐ´ÙÅ°? ÀÌ»õ³¢´Â¾îµðÇÐ±³³Ä?;"
"[5]"
"½Å¸ñ°í ¸ð¿©¶ó"
"[8]"
"½ÅÈ­ÁßÇÐ±³¶û ½Å¿ùÁßÇÐ±³¿¡"
"[6]"
"¾çÃµ°í 3ÇÐ³â¾ø³Ä?"
"[6]"
"¾çÃµ±¸Ã»¿ª¿¡¼­ ÀÚÀü°Å ºÐ½ÇÇß½À´Ï´Ù. ¹ß°ß½Ã »ç·Ê±Ý µå¸³´Ï´Ù."
"[4]"
"¾çÁ¤°í´Ù´Ï´Â¾Öµé"
"[19]"
"¹é¾Ï °¶·¯ ÀÖ³Ä"
"[3]"
"¾ß¾ß ¾çÃµ±¸ ½ÃÇèÁö ¹®Á¦ À¯Ãâ¾îµðÇÐ±³³Ä"
"[7]"
"¼º³²ÀÌ ¾çÃµ±¸º¸´Ù Àß»ç´Âµí ÇÏ´õ¶ó."
"[4]"
"Áö±Ý ´ç½ÅÀº"
"[2]"
"¿©±â¼­³ª¾Æ´Â´×°ÕÀÖ³Ä"
"[7]"
"½Å¿ù2µ¿ ¿¡¼­ Ä¡Å²½ÃÅ³°Çµ¥ ÃßÃµÁ»"
"[3]"
"°­¼­°¡°øºÎÀßÇØ ¾çÁ¤ÀÌ°øºÎÀßÇØ?"
"[11]"
"¾çÃµ±¸»çÀÌ·»µé¸®´Â¾ÖµéÀÖ³Ä"
"[3]"
"¤¶¤² ¿©±â´Â ¹«½¼ Á¿°íµù°¶ÀÌ³ë"
"[5]"
"°­¼­°íÀÎ°¡°¡Áß¿äÇÕ´Ï´Ù "
"[4]"
"¾çÃµ±¸"
"[1]"
"¸ñµ¿,½ÅÁ¤µ¿,½Å¿ùµ¿Àº"
"[3]"
"¾ß ¾îÁ¦ ¾çÁ¤°í ¾²¸®½æ»ç°Ç ¹¹³Ä????"
"[5]"
"ÀüÇÐ°¥²«µ¥ ¾îµð°í°¥±î"
"[19]"
"½ÅÁ¤µ¿Àß»ç´Àµ¿³×ÀÓ? ¸ñµ¿Ã³·³"
"[4]"
"ÇÐ¿øÃßÃµÁ»"
"[2]"
"¹é»ï°í ¾²¸®½æ ½äÁ» Ç®¾î¶ó"
"[2]"
"½Å¿ùµ¿ »ê´ÙÇÏ¸é ¿ø·¡ ¹ÝÀÀÀÌ ÀÌ·³? Âü.."
"[6]"
"³ªÀÏº£ÇÑ´Ù"
"[3]"
"¸ÁÇÒ°­¼­"
"[2]"
"¹é¾Ï°í ¾²¸®½æ»ç°Ç ¹¹ ¾Æ´Â»ç¶÷ÀÖ³Ä"
"[3]"
"¿©±â ¸ñ¿îÁß³ª¿Â °ÔÀÌÀÖ³Ä"
"[2]"
"ÄOµé ¿À¸ñ±³ÁÖº¯ µ¶¼­½Ç ¾øÀ½?"
"[5]"
"¤»¤»¤» ¾çÃµ°í ¾¾¹ß ±ÛÁ¸³ª¿ô±â³× ¤»¤»"
"[1]"
"¿©½É »ç·Î ÀâÀº Å°½ºÀåÀÎ ³²ÀÚ¹è¿ì´Â?"
"[µð½ÃìÑÅÍºä] BP¶ó´Ï¾Æ, ´Ù½Ã Start a Fire"
"¹é¾Ï¾Öµé¾Æ µÞºÏÁ¶½É"
"[2]"
"¿À´Ã ½Å¸ñ°í1½ÃÇè"
"[1]"
"¸ñµ¿¿ª 3¹øÃâ±¸¿¡ º¸¸é"
"[1]"
"¾È³çÇÏ¼¼¿ä. ¾çÁ¤°íµîÇÐ±³¸¸ÇÑ ÇÐ±³°¡ ¾ø´õ±º¿ä."
"[2]"
"¸íºÒÇãÀü °ÅÁöµ¿³× °¶·¯¸®"
"[9]"
"´ëÇÇ 4È£"
"[2]"
"»ó¿í¾Æ"
"[3]"
"¤»¤» °«Ä«¸À»çÅÁ"
"[3]"
"°í3ÀÌ°ú ´ä"
"[3]"
"°­¼­ Àç½ÃÇèº»´Ù¸Å?"
"[3]"
"(°øÁö)°­¼­°í °ü·Ã »çÁø°ú ³»¿ëÀ» ¿Ã·ÁÁÖ½Ê½Ã¿ä."
"[5]"
"°­¼­°í ¤¤¤µ¤·"
"[2]"
"'¿µÀÏ°í'ÀÎ°¡°¡ Áß¿äÇÕ´Ï´Ù"
"[3]"
"¸ñµ¿°í3 ¤¸¤¾¤· »ç¶ûÇØ"
"[1]"
"°¡Ä«¸À»çÅÁ¿¡°Ô"
"[6]"
"ÁýÁß·ÂÀÌ ¶³¾îÁø´Ù À¸¾Æ¾Æ¾Æ "
"[1]"
"´ëÀÏ°í ÇÇÀÚ»§ ¾Æ´Â»ç¶÷?"
"[4]"
"¸ñµ¿ ÁÁÁö"
"[11]"
"Áø¸í´Ù´Ï´Â¾Öµé Áø¸íºÎ½É¶§¹®¿¡ Áö¸®°Í¼Ò;;;"
"[15]"
"ÀÌ¹ø¿¡ Ç¥x±ÙÀÌ¶û ´©±¸¶û ½Î¿ü³Ä??"
"[3]"
"¾È³çÇÏ¼¼¿ä. ¾çÁ¤°íµîÇÐ±³¸¸ÇÑ ÇÐ±³°¡ ¾ø´õ±º¿ä."
"[18]"
"°­¼­°í´Â ¤©¤·  Á¤ÀÌ¾È°¨"
"[3]"
"ÃÊÀÌ½º¾Ë¹Ù ¼­¿ï ½ÅÃÌ È«´ë ¸¶Æ÷ ¿©ÀÇµµ"
"[1]"
"ÇÑ°¡¶÷°í ¾î¶²°¡¿©"
"[12]"
"¸ñµ¿¿ª ÅäÁî ´Ù´Ï´Â»ç¶÷? ¶Ç´Â °°ÀÌ´Ù´Ò»ç¶÷"
"[1]"
"¿µÀÏ ¾¾¹ß»õ³¢µé"
"[3]"
"°­¼­Çüµé"
"[2]"
"¾ßÀÌ ¾¾ºÎ·² »õ³¢µé¾Æ ¿µÀÏ°í ¹Ì¸¸ÀâÀÌ´Ù"
"[4]"
"°­¼­Çüµé"
"[1]"
"°­¼­/¾çÃµ Áö¿ª °­¼­°í°¡ ¼­¿ï´ë 1À§"
"[9]"
"¿©½É »ç·Î ÀâÀº Å°½ºÀåÀÎ ³²ÀÚ¹è¿ì´Â?"
"[µð½ÃìÑÅÍºä] BP¶ó´Ï¾Æ, ´Ù½Ã Start a Fire"
"¾ßÀÌ °³»õ³¢¾ß"
"[1]"
"°­¼­Çüµé"
"[7]"
"¾ßÀÌ °³»õ²¥!! º¼Ææ °¡¸¸È÷ µÖ!!!!!!"
"[1]"
"¿Í ¹é¾Ï¾ê±â ³ª¿À´Â°Åº¸´Ï °³½Å±âÇÏ³ß ¤Ð"
"[3]"
"ÁË¼ÛÇÏÁö¸¸"
"[1]"
"¿ÃÇØÁ¹¾÷»ý ¼­¿¬°í 80¸íÀÎ°Ô ½ÇÈ­ÀÓ?"
"[7]"
"¹é¾Ï ¿ÃÇØ¿¡ ¹°ÀÌ ´õ ¾È ÁÁ¾ÆÁ³³×"
"[2]"
"Çüµé"
"[3]"
"¸ñµ¿¿À°Å¸®¿¡ Ä«Æä »êÃ¥ÀÌ¶ó´Â ·ë Ä«Æä?"
"[1]"
"¸ñµ¿¿ª1Ãâ ¹æÇâ¿¡ ÀÖ´ø ¼ö¼±Áý¾îµð°¬´ÂÁö¾Æ³Ä"
"[1]"
"¤¾°íµùÇüµé"
"[1]"
"ÇÏ¿µ¿ì ¾Æ´Â ¾çÁ¤ ÀÖ½¿?"
"[5]"
"¿Ã¸¸ÀÎµ¥ °¶ ´ÙÁ×¾ú³×"
"[1]"
"¸ñµ¿°í´Â Á¸³ª ²Üºþ°ÅÁö"
"[4]"
"¾çÃµ°í 1ÇÐ³â±³½Ç ¼ÒÈ­±â¹¹³Ä"
"[5]"
"¾çÁ¤°í µ¶»ç ÀÌ¼ºÇÐÀÌ¶ó´Â ¼±»ý´ÔÀÌ"
"[4]"
"µîÃÌ°í"
"[1]"
"¾ß ÀÌ »õ³¢¾ß!"
"[1]"
"ÀÌ¹ø¿¡ ¾çÁ¤ ½ÅÀÔ»ýµé¾Æ"
"[1]"
"¾ß Á¿°í1 ¾çÃµ´ººñµé¾Æ ÇüÀÌ¹¹Á»¹¯ÀÚ"
"[4]"
"¾çÃµ°í 1ÇÐ³âÀÌ ¼±»ýÇÑÅ× Ä¿ÅÍÄ®´øÁ³´Ù´Â°Ô »ç½ÇÀÌ³Ä?"
"[1]"
"¿©±â°¡ º¼Ææ µüµü °Å¸®Áö¸¶ °¶·¯¸®ÀÎ°¡¿ä?"
"[1]"
"¾çÃµ°í °ÔÀÌµé¾Æ"
"[5]"
"°­¼­Çüµé¤·"
"[5]"
"°­¼­Çüµé"
"[4]"
"¾çÃµ°í Ä¿ÅÍÄ®"
"[4]"
"???:º¼Ææ µüµü °Å¸®Áö¸¶"
"[3]"
"½Ã¹ß °­¼­"
"[2]"
"·¯ºê¶óÀÌºê º¸¼¼¿ä!"
"[3]"
"¸¶Æ÷°í·Î¿À¼¼¿ä~"
"[6]"
"¿©½É »ç·Î ÀâÀº Å°½ºÀåÀÎ ³²ÀÚ¹è¿ì´Â?"
"[µð½ÃìÑÅÍºä] BP¶ó´Ï¾Æ, ´Ù½Ã Start a Fire"
"¾ß ³ª°­¼­°ïµ¥"
"[29]"
"°«Á¤"
"[1]"
"·®Á¤Àº °¥¼ö·Ï µé¾î¿À´Â ¾ÖµéÀÌ ¾²·¹±â°¡ µÇ³Ä"
"[5]"
"¾È³çÇÏ¼¼¿ä ¾çÁ¤°í ºÎÈ°µ¿ÀÌ ±Ã±ÝÇÕ´Ï´Ù"
"[5]"
"¹é¾Ï¿Ô´Âµ¥"
"[4]"
"¾çÁ¤ ÀÌ¹ø ½ÅÀÔ»ýµéÀº"
"[2]"
"½Å¿ù1µ¿ °ÔÀÌÀÕ³²"
"[4]"
"ÄOµé ÀÌ¹ø¿¡ ³»°¡ ¾Æº£¹Ý ´çÃ·‰ç´Âµ¥ ¾Æº£› ¾î‹š¿ä?"
"[4]"
"°­¼­°í ·¦ÀÌ³ª ³ë·¡ ÀßÇÏ´Â ¾Öµé ¾Æ³¯·Î±×ºÎ·Î ¿Í¶ó"
"[2]"
"¾çÁ¤°í 4´ëÃµ¿ÕÀÌ ´ëÃ¼ ´©±¸ÀÓ"
"[14]"
"°­¼­°íÇüµé"
"[12]"
"±Ùµ¥¿Ö"
"[1]"
"ÁöÈ£Äï ¹æ°úÈÄ!"
"[1]"
"¸ñµ¿ Âù¾çÇÔ"
"[2]"
"ÀÚ»ç°í¿­Ç³¿¡ ÈÛ¾µ¸° ¿ì¸®°¡ º´½ÅÀÌ´Ù"
"[2]"
"¾çÁ¤ ÇÏ..."
"[4]"
"¹¹ÁöÀÌ°Ô"
"[1]"
"¾ßÀÚÇÏ¸éÇÐ¿øÀº ¾î¶±ÇÏ³Ä?"
"[6]"
"°­¼­ µ¶¼­½Ç"
"[4]"
"¿Í ¿ª½Ã ¾çÃµÀº ´Ù¸£±¸³ª"
"[9]"
"´ë ¾çÃµ±³µµ¼Ò"
"[10]"
"¹é¾Ï°í µ¿¾Æ¸®"
"[2]"
"¾ç°­ Á¿~~Â¼¸®~~ °³°°Àº ÇÐ±³~~"
"[4]"
"ÀÔÇÐ½Ä ½Ü±â´Ù¸®´Âµ¥"
"[2]"
"ÇÏ..½Ã¹ß ÀÌ°Å¾îÂîÇÕ´Ï±î"
"[7]"
"¾çÁ¤½ÅÀÔ»ý °úÁ¦¾ÈÇÞ´Âµð"
"[10]"
"°¶ ¸ÁÇß³ª¿©?"
"[5]"
"Áö·Œ¤»¤»¤»¤»¤»¤»¤»¤»¤»¤»¤»¤»¤»¤»¤»¤»¤»¤»¤»¤»¤»¤»¤»¤»¤»¤»¤»¤»¤»¤»"
"[1]"
"Áö·Œ¤»¤»¤»¤»¤»¤»¤»¤»¤»¤»¤»¤»¤»¤»¤»¤»¤»¤»¤»¤»¤»¤»¤»"
"[1]"
"°­¼­ ¹é³¯ »¡¾ÆºÃÀÚ ÃÖ´ë ¾Æ¿ôÇ² Á¤ÁØÇÏ^^"
"[6]"
"¿©½É »ç·Î ÀâÀº Å°½ºÀåÀÎ ³²ÀÚ¹è¿ì´Â?"
"[µð½ÃìÑÅÍºä] BP¶ó´Ï¾Æ, ´Ù½Ã Start a Fire"
"°íµîÇÐ»ýÀÎÁö ¾Æ´ÑÁö´Â Áß¿äÇÏÁö ¾Ê½À´Ï´Ù."
"[1]"
"¿©±â »çÁø¿¡ ¾ø´Â °íµîÇÐ±³´Â ´Ù Àâ°í´Ù"
"[6]"
"6³âÀü ¾ç°¶Çß´ø ÄO, ´©³ªµé"
"[3]"
"°¤´ëÀÏ 3ÇÐ³âÀÓ.."
"[2]"
"¿¹ºñ±º µ¿¹ÌÂüÈÆ·Ã °¡º»Çü¾Æµé"
"[2]"
"Ãà±¸ °°Àº°Å ÇÏ·Á¸é ¤·¶»°Ô ÇÏ³Ä"
"[4]"
"¾çÁ¤Àº ¼­³²±Ç ÁÖ¸§Àâ´Â ¸¶´ç¹ß¾Æ´Ï³Ä"
"[5]"
"¸ñµ¿¿¡ ½Ã°è¼ö¸® Àß ÇÏ´Â°÷ "
"[1]"
"¾È³çÇÏ¼¼¿ä. ¾çÁ¤°íµîÇÐ±³¸¸ÇÑ ÇÐ±³°¡ ¾ø´õ±º¿ä."
"[8]"
"´ëÀÏ¹Ì¸¸Àâ ¤Ñ¤Ñ"
"[2]"
"¾çÁ¤°í Çà´Ôµé"
"[7]"
"´ëÀÏ°í °úÁ¦"
"[2]"
"¾çÁ¤°í ÀÔÇÐ°úÁ¦ ÀÌ°Å ¾î¶»°Ô ÇØ¾ßµË´Ï±î..¾¾¹ß..."
"[5]"
"¹é¾Ï°üÀÌ¶û ¸ñ·Ã°üÀÌ¶û ¹¹°¡ ´Ù¸¥°ÅÀÓ?"
"[1]"
"´ëÀÏ°í ¼±¹è´Ôµé~"
"[2]"
"ÈÄ...¾çÃµ°í ÀÌ¾ß±âÇÏ´Â °¶·¯µéº¸´Ï±î ÀçÇÐ»ý¶§ »ý°¢³ª³×¤¾¤¾"
"[1]"
"¾îÁ¦¹èÄ¡½ÃÇè"
"[1]"
"°­¼­Çüµé"
"[3]"
"°­¼­Çà´Ôµé"
"[3]"
"´ëÀÏ°í°úÁ¦"
"[4]"
"ÀÌ¹ø¿¡ ¿ùÃÌ¿¡¼­ ´Ù ´ëÀÏ °¬´Ù¸Å?¤»¤»¤»¤»¤»¤»¤»"
"[2]"
"¾ß ¿¹Àü¿¡ ¾çÃµ°í ½ÃÇè¿¡¼­"
"[2]"
"¾çÃµ°í ¹èÁ¤µÈ ½ÅÀÔ»ýµé ºÁ¶ó"
"[7]"
"´Ôµé¾Æ ³ª ¾çÁ¤ÁßÁ¹¾÷ÈÄ °­¼­°íµÊ¤»¤»"
"[3]"
"¿À´Ã°­¼­°íÀÔÇÐ¼­³»°í¿Ó´Âµ¥Áú¹®Á¡"
"[4]"
"´ëÀÏÁú¹®Á»!½ÅÀÔ»ý..."
"[5]"
"Áø¸íÁú¹®Á»"
"[3]"
"°­¼­ ¹èÄ¡°í»ç"
"[11]"
"½Å¸ñ¿¡¼­ °¡»êÁ¡¾øÀÌ ³»½Å7ÆÛ¿´À¸¸é ±Ù¹æ °íµîÇÐ±³¿¡¼­ ¾î´ÀÁ¤µµ ÇÏ³Ä?"
"[5]"
"°´°üÀûÀÎ ¾çÃµ±¸ °íµîÇÐ±³ ¼øÀ§"
"[7]"
"¿©½É »ç·Î ÀâÀº Å°½ºÀåÀÎ ³²ÀÚ¹è¿ì´Â?"
"[µð½ÃìÑÅÍºä] BP¶ó´Ï¾Æ, ´Ù½Ã Start a Fire"
"¾Æ °­¼­°í °æÀï·ü ÆøµîÀÌÀ¯ ¾Ë·ÁÁØ´Ù"
"[2]"
"°­¼­¿µÀÏ›§´Âµ¥ ´ëÀÏ‰ç´Ù ¤»"
"[5]"
"ÀÌ¹ø°­¼­°í 17:1 ÁöÁÔ"
"[1]"
"¹é¾Ï ºÙ¾ú´Ù... µÚÁö°í½Í´Ù"
"[2]"
"´ëÀÏ°í ¤Ì"
"[13]"
"¾çÁ¤ ÀÌ¹ø¿¡ ¿¬°í´ë ¸î¸í°¬³Ä"
"[4]"
"³ª °­¼­µÊ"
"[2]"
"¾çÃµ°í °í3Àº ¼ö¾÷½Ã°£¿¡ ¹¹ÇÏ³Ä?"
"[2]"
"¾çÁ¤ ¹®°ú Á¹¾÷ÇÑ´Ù Áú¹®¹Þ´Â´Ù"
"[5]"
"½Ê´ë ¾ÆµéÀÌ ºÒÁö¸¥ ¸ñµ¿¾ÆÆÄÆ® ¸î´ÜÁö³Ä"
"[1]"
"¾çÁ¤¿Í¼­ ³»½ÅÀÌ °ïµÎ¹ÚÁúÇÑ´Ù."
"[3]"
"¿©±â ´«ÆÃÁ· °³ ¸¹³× ¤»¤»¤»¤»¤»¤»"
"[1]"
"½Å¸ñÂ¯½Ã¹ß!!"
"[4]"
"¾çÁ¤ ¹®°ú¿¡ Å×¼Â »ó ¹ÞÀº Çü ´©±¸³Ä"
"[6]"
"¿ÃÇØ ¾çÁ¤ ¼³´ë ÀÔ½Ã Ä³¸ÁÇÑµí"
"[5]"
"¸ñµ¿¾ÆÆÄÆ®  ¸¶°î  °­¼­ÀÚÀÌ"
"[3]"
"¸ñµ¿¿¡ ½Ñ¼úÁýÁ»"
"³ë·¡¹æÁ» ¾îµÎÄÄÄÄÇÏ°í ¾È¿¡ ¾Èº¸ÀÌ´Âµ¥ ¾ø³­"
"¾çÁ¤ ÁøÇÐ·ü¿¡ ´ëÇØ"
"[10]"
"[Áú¹®] ¾çÃµ°í°¡ ¸í½Å¿©»óÀ» ÀÎ¼öÇÑ°ÅÀÝ¾Æ?"
"[4]"
"³ª ¾çÁ¤ ¹®°ú ¿¹Á¤ÀÎµ¥ ¼±Çà ¾îµð±îÁö »©¾ß ¾ÈÁ¤ÀûÀÌ³Ä"
"[7]"
"¸¶°ï¾î¶¶?"
"[2]"
"¿ì¸®µ¿³×´Â ¸ÀÀÖ´Âµ¥°¡ ¾ø³Ä"
"[3]"
"¾çÁ¤°í ÀÔÇÐ½ÃÇè ¸»¾ß"
"[7]"
"Á¦¹ß"
"[3]"
"¿À¸ñ±³¿ª ±ÙÃ³¿¡ ±¦ÂúÀº ½Ä´ç ¾ø³Ä"
"[2]"
"ÇØ°ñ"
"(¼Ó´Ú¼Ó´Ú)"
"¿©±â °øÂ÷°í ½ÍÀº ÀÎ°£µé ¾ø³Ä?"
"[1]"
"°­¼­°í"
"[1]"
"¿©½É »ç·Î ÀâÀº Å°½ºÀåÀÎ ³²ÀÚ¹è¿ì´Â?"
"[µð½ÃìÑÅÍºä] BP¶ó´Ï¾Æ, ´Ù½Ã Start a Fire"
"¿ÍÇÃ´ëÇÐ °¡¼ººñ ¤½¤¼¤º"
"¸ñµ¿»ç°Å¸®¿¡ PC¹æ ÃßÃµ ¹Ù¶õ´Ù."
"[1]"
"¸ñµ¿»ç°Å¸®¿¡ PC¹æ ÃßÃµ¹Ù¶õ´Ù."
"[3]"
"»êÃ¥ÇÏ´Ù°¡ »§ÅÍÁü. ÁdÅ×"
"[4]"
"´ëÀÏ°í´Ù´Ï´Â¾ÖÀÖ³Ä"
"[7]"
"½ÅÁ¤³×°Å¸®³ª È­°îµ¿ pc¹æ¿¡"
"[1]"
"Á¶±âÃà±¸È¸ µç »ç¶÷ ¾ø³ª"
"°­¼­°í ¾çÃá½Ä ¾î¶°³Ä"
"[2]"
"¼Ö±î ÇÑ°¡¶÷ ÀÌÁ¦ ¸ÁÇÑ°Å ¾Æ´Ï³Ä ?"
"[4]"
"µ¿³× Ãà±¸ µ¿È£È¸ °°Àº°Å ¾ø³Ä??"
"[1]"
"³ªµµ µîÃÌ2µ¿ÀÎµð"
"¸ñ3µ¿ ½ÃÀå »ç°í³­°Å¿´±¸³ª"
"[1]"
"¾çÁ¤°í Á¿¹ä»õ³¢µé¾Æ"
"¾çÁ¤ÁßÇÐ±³Â¯Àº"
"[4]"
"µîÃÌ½ÃÀå »ìÀÎ»ç°Ç »çÁøÀÌ´Ù"
"[8]"
"¹¹³Ä µîÃÌ½ÃÀå»ìÀÎ»ç°Ç ¤§¤§"
"[4]"
"ÇÑ°¡¶÷µµ Á» ¿Ã·ÁÁà¶ó"
"[5]"
"¸ñ3µ¿¿¡¼­ »ìÀÎ»ç°Ç ³­°Å ¾Æ´Â»ç¶÷ ÀÖ³Ä"
"[29]"
"°¶·¯µé¿¡°Ô Áú¹®ÇÏ³ª¸¸..."
"°æ) ¸ñµ¿¿¡ Å©¸®½ºÇÇÅ©¸² µµ³Ó »ý°å´Ù!! (Ãà"
"[3]"
"°í2 ¸ñµ¿ ¿µ¾îÇÐ¿ø ÃßÃµÁ»"
"[3]"
"°­¼­°í °¡ÀÌµå ÁÖ¼Ò <- °­¼­°í ÀÔÇÐÇÏ´Â Áß3µé ÇÊµ¶"
"[1]"
"¾çÁ¤ ½ÅÀÔ»ýµé¿¡°Ô ²ÜÁ¤º¸ÁØ´Ù"
"[5]"
"´Ù½Ã´Â ÀÌµÎÇüÀ» ±îÁö ¸¶¶ó "
"¾çÁ¤ ÇÑ±¹»ç ¾ç¿ëÁØ ¾î¶»°Ô »ý°¢ÇÏ³Ä"
"[2]"
"¾çÁ¤¿¡ ´ëÇØ¼­ ¾Ë¾Æº¸ÀÚ.araboja"
"[9]"
"¾çÁ¤°í »ý¸í°úÇÐ ¼±»ý ÀÌÁö¼ö ¾Æ´Â»ç¶÷ ÀÖ³Ä?"
"[2]"
"Çàº¹ÁÖÅÃ °á±¹ °­ÇàÇÏ´Â ¸ð¾çÀÎµ¥"
"[2]"
"¾çÁ¤ ½ÅÀÔ»ýµé »õ°Üµé¾î¶ó, ¾çÁ¤Àº È£±¸´Ù"
"[1]"
"¹é¾Ï°íµîÇÐ±³ ¾î¶²°¡¿ä?"
"[8]"
"¿©½É »ç·Î ÀâÀº Å°½ºÀåÀÎ ³²ÀÚ¹è¿ì´Â?"
"[µð½ÃìÑÅÍºä] BP¶ó´Ï¾Æ, ´Ù½Ã Start a Fire"
"¿©±â ´ëÀÏ°í ÀÖ³Ä"
"[3]"
"ÀÌÁ¦ºÎÅÍ ÀÌ °¶·¯¸®´Â Åð°¶ÇÏÁö¾Ê´ÂÀÚ °¡ Á¡·ÉÇß½À´Ï´Ù"
"½ÅÁ¤µ¿¿¡ ¸¸¿øÀÌÇÏ ³ë·¡¹æÁ» ¾Ë·ÁÁÖ¼¼¿ä¢Ñ¢Ð"
"[2]"
"ÁöÁ¯ ¾çÃµ±¸°¶·¯¸®¿¡¼­  ¾çÁ¤°í °¶·¯¸®·Î ¹Ù²ã¾ß°Ú³×"
"[2]"
"¾çÁ¤¿¡ ¤¸¤·¤µ"
"[1]"
"CJÇï·ÎºñÀü ¾çÃµ¹æ¼Û¿¡ ´ëÇÑ ÀÎ½Ä Á¶»çÁß"
"[3]"
"¿©±â°¡ ¾çÃµ Áß°íµù°¶·¯¸®³Ä?"
"¾çÁ¤¿¡ Çö¿ª ¼³´ëÀÇ´ë ÇÕ°Ý»ý ³ª¿Ô´Ù¤»¤»¤»¤»¤»¤»"
"[6]"
"°­¼­°í ¹êµåºÎ"
"[2]"
"¸ñµ¿¿ª ¹ö°ÅÅ· ¸À¾ø¾¸¤Ñ¤Ñ"
"[1]"
"°­½ÅÁß ÁÁ¾ÆÁ³´õ¶ó"
"[1]"
"¸í´ö ¶³¾î º¾î¿ä ¤µ¤² ¤Ð¤Ð ¾îµð°¡Áö"
"[6]"
"´ëÀÏ ¿µÀÏ ½Å¸ñ °¡´Â³âµé ¶Ç¶óÀÌ"
"[3]"
"¤»¤»¤»¿©±â ¾çÁ¤ ºÎ½É Â¼³×"
"[4]"
"[½Å¹®±â»ç] Àá½Ç¡¤¸ñµ¿ ¡®Çàº¹ÁÖÅÃ¡¯ ¹éÁöÈ­µÇ³ª"
"[1]"
"cele Çü ÀÖ³ª?"
"[1]"
"(¾çÁ¤°í)Çüµé ¾çÁ¤¹®°ú Áö¿øÇÏ·Á´Âµ¥ Á¶¾ðÁ»"
"[8]"
"´ëÇÐ°¥»ý°¢ÀÕÀ¸¸é ´ëÀÏ ¿µÀÏ°¡¶ó"
"[5]"
"¿©±â º´½Åµé ¹«½¼ ¾çÁ¤ÀÌ »ó»ê°í¸¶³É¤»¤»¤»¤»¤»¤»¤»"
"[1]"
"¾ç°¶¸Ô"
"´Ôµé ¾ç°» ¸ÁÇß´Ù´Â°Ô Æ®·ç?"
"¾îµð °íµîÇÐ±³°¡ ´õ ³´³Ä?"
"[3]"
"¾Æ¾¾¹ß ³ª ¾çÁ¤ÁßÀÎµ¥ ÀÌ¹ø¿¡ ³²°í°¡¸é ÁøÂ¥ ÀÚ»ìÇÒ°Å°°¾Æ"
"[4]"
"Á¶´ë¿¬¾¾¹ß»õ³¢"
"¾çÁ¤°í°¡ Âü ¾²·¹±â°°¾Æ"
"[3]"
"¾ç°¶ ¸ÁÇß³×À¯"
"ÀÔ½Ç·»Æ¼ Ã¼ÀÌÈ£ Ä«½ÃÄÉ½Ã Ä«½ÃÄÚ Ä®¸¶½Ã ÄÉ½ÃÄÉ½Ã ¾çÁ¤¾çÁ¤ ºòÅä¸®¾ß!"
"¾ç°¶ 4³âÂ÷´Ù ´ººñµéÀº ÀÔ°¶½Å°íÇØ¶ó"
"¹é¾Ï°í ¤¾¤º¤¾ ½Ü "
"[1]"
"°íµîÇÐ±³ ¼±ÅÃÁ»"
"[9]"
"¿©½É »ç·Î ÀâÀº Å°½ºÀåÀÎ ³²ÀÚ¹è¿ì´Â?"
"[µð½ÃìÑÅÍºä] BP¶ó´Ï¾Æ, ´Ù½Ã Start a Fire"
"Áß3 °íµîÇÐ±³ Á¶¾ðÁ»"
"[3]"
"´©±¸µµ ±Û¾²Áö¸¶¶ó==============================="
"¸ñµ¿ Çàº¹ÁÖÅÃ ¹Ý´ëÇÏ´Â ÀÌÀ¯°¡ ¹¹³Ä?"
"[4]"
"¸ñµ¿ÇÇºÎ°úº´¿ø µ¿¾ÈÁß½É¸ñµ¿¶ó¸¶¸£ À±°ûÁÖ»ç ºñ¿ë"
"ÇÑ°¡¸®¹Ì¾ð ¾ø³Ä ¿©±â"
"[1]"
"´ëÀÏ  Vs½Å¸ñ"
"[3]"
"¸ñµ¿¿ªÀÌ³ª ¸ñµ¿»ç°Å¸® ¿À¸ñ±³ ±ÙÃ³ ³ë·¡ÁÖÁ¡ÃßÃµÁ»¿ä"
"[1]"
"¸Ó¸® ¾îµð°¡ ÀßÀÚ¸§"
"[1]"
"¸ñµ¿ÇÇºÎ°ú À±°ûÁÖ»ç ¸®ÇÁÆÃÈ¿°ú"
"(¾ÈÁõÈ¸)¾çÃµ °­¼­Áö¿ª ÇÏ³ª´ÔÀÇ±³È¸, »õ¾ð¾àÀ¯¿ùÀý ¸ÂÀÌ È¯°æÁ¤È­È°µ¿ ÆîÃÄ"
"°« ±â-ÅÂ"
"½´½ºÄÉ ±è¹ÎÁö ¾çÃµ±¸»ì¾Æ¿ä?"
"[3]"
"¾çÃµ°í È¨ÇÇ °èÁ¤ºô·ÁÁÙ³ðÀÖ³Ä"
"À±È£¸¶¿ÕÀº ¿Ö ÀÌ¸® ¸øÇÏ´Â°¡;;"
"¾Ë¹Ù ¹Ý³ªÀý¿¡¼­ ÇÏ·ç"
"[1]"
"¸ñµ¿ÇÇºÎ°ú ÃßÃµ ·çºñ·¹ÀÌÀú ÈÄ±â~ ±â¹ÌÁÖ±Ù±ú ¾ø¾Ö±â"
"¹è¼®¹üÀÇ Á¤Ã¼°¡ ¾Ë°í½Í´Ù"
"[2]"
"¿Â½ºÅ¸ÀÏ Ã¤³Î¹øÈ£ ¸î¹øÀÓ"
"[1]"
"½ÅÁ¤³×°Å¸® ¾ÕÀ¸·Î ¾î¶»°Ô º¯ÇÒ±î?"
"[3]"
"°¡Áö°¡ÁöÇÑ´Ù ¤»¤» "
"¹»ºÁ? "
"´Ï³×¶ó¸é ¾îµð·Î ÀÌ»ç°¨?"
"[3]"
"±×°É ¾Ë´Ù´Ï"
"³» Æò»ý »ì¾Ò´ø °íÇâ ½Å¿ù1µ¿ ¶ß·Á°íÇÑ´Ù."
"[3]"
"½ÅÁ¤ÀÌÆæÇÏ¿ì½º ¾î¶¶?"
"[5]"
"¾çÁ¤ ¤º¤¾¤¡(¿µ¾î) ½Ü Àº±Ù ¹«¼­¿ì½Ã³×:: ÂøÇÏ½ÅÁÙ¸¸ ¾Ë¾Ò´Âµ¥"
"[3]"
"gfgfgf"
"È¤½Ã ¿©±â ¾çÃµ°íÀÖ³ª?"
"[1]"
"¿ä»õ ±¸±ÞÂ÷¶û ¼Ò¹æÂ÷ Á¸³ª ¸¶´Ïº¸ÀÓ"
"¾ÆÄ§¿¡ ¿ÖÀÌ·¯ÄÉ Ãß¿ò"
"¿©½É »ç·Î ÀâÀº Å°½ºÀåÀÎ ³²ÀÚ¹è¿ì´Â?"
"[µð½ÃìÑÅÍºä] BP¶ó´Ï¾Æ, ´Ù½Ã Start a Fire"
"Áø¸í ÃàÁ¦ °¥ °ÔÀÌ"
"[2]"
"¢½¢¾¸ñµ¿Çàº¹ÁÖÅÃ ´ëÂù¼º  °æÃà¢¾¢½"
"[5]"
"¾çÁ¤ ¾çÁ¤ ¾çÀú¾û ¾çÁ¤"
"[1]"
"°­¼­°í Ãâ½ÅÀÎ»ç¶÷ ¼Õ"
"[6]"
"Áø¸í ÇÏ´Ã»ö ¸íÂû ¸îÇÐ³âÀÓ"
"[2]"
"´ë¾çÁ¤ ¸ðÀÇ°í»ç"
"¾Æ´Ï ¼ÖÁ÷È÷¸»ÇØ¼­ Àü¶óµµ°¡ ÀßÇÑ°Ô ¹¹ÀÖÀ½?"
"[4]"
"Èñ½ÂÀÌ ÂøÇÑ¾ÆÀÔ´Ï´Ù"
"ÁË¼ÛÇÕ´Ï´Ù ¤Ð¤Ð"
"[1]"
"¾çÃµ°íÀÎ»ç¶÷?"
"[5]"
"ÀÌ°Å ¾îµðÇÐ±³ÀÎÁö ¾Æ´Â ¾ç°¶·¯ÀÖÀ½??"
"¿À´Ã ±Ý¿Á¿©°í¿¡¼­ ÃàÁ¦ÇÞ³Ä??"
"¾çÃµ°íÀÇ 2ÇÐ±â´Â ½ÃÀÛµÇ°í È÷È÷"
"¾Æ´Ï ¾¾¹ß ¿Ö º¹ÇÐÇÏ´Âµ¥ Á¿°íµù»õ³¢µéÀÌ ±«·ÓÈ÷³Ä?"
"¾çÁ¤ ´Ù´Ï´Â¾Ö  ÀÕ³Ä"
"¾çÁ¤¿¡ ÀÏº£ÇÏ´Â»ç¶÷ ¸¹Áö¾Ê³ë?"
"[11]"
"¿äÁòÀº °íµîÇÐ±³ ÀÚ±â°¡ ¼±ÅÃÇØ¼­ °¥¼öÀÖ³Ä?.ask"
"¾çÃµ°íÀÇ¹æÇÐÀº³¡³ª°¡°í.."
"[1]"
"¾çÁ¤°íÀ£ÄÉ °øºÎ¸øÇÏ³Ä"
"¾Æ³ö ±¹¹ÎÇàº¹±â±Ý ³­ ¹ºÁöµµ ¸ð¸£´Âµ¥ "
"¿äÁò ¾çÃµµµ¼­°ü"
"[1]"
"Âü ¾¹¾µÇÏ³×¿ä... "
"ÄOµé¾çÃµ±¸"
"[1]"
"°í2 ¾Ë¹Ù Ã¤¿ëÇÏ´Â°÷ ÀÖ³Ä"
"µ¹Á÷±¸ÀÇ ÂüµÈ ¿¹ "
"¾ç°¶ 3³â ¸¸¿¡ ¿Ô´Âµ¥"
"[1]"
"¼±Àº ³ÑÁö ¸»¾Æ¾ßÁö"
"À× ¿©±â °¶·¯¸® ¸ÞÀÎ¿¡ ¾ø´øµ¥ °Ë»öÀ¸·Î ¹Û¿¡ ¸øµé¾î¿È?"
"½æ³à¶û DVD¹æ °¡·Á´Âµ¥ ÁÁÀº °÷ ÃßÃµ ¹Þ´Â´Ù."
"[1]"
"¼ÖÁ÷È÷ ¾çÃµ±¸ ÃÖ°í´Â ´ëÀÏ°íÁö"
"[1]"
"¿©½É »ç·Î ÀâÀº Å°½ºÀåÀÎ ³²ÀÚ¹è¿ì´Â?"
"[µð½ÃìÑÅÍºä] BP¶ó´Ï¾Æ, ´Ù½Ã Start a Fire"
"¹«±ÃÈ­ ²ÉÀÌ ÇÇ¿´½À´Ï´Ù ³î¾ÆºÃ³ª¿ä?? "
"¾çÁ¤°í1ÇÐ³âÀÌ¹¯´Â´Ù"
"[16]"
"µ·¸¸ ÀÖÀ¸¸é °¡´ÉÇÑ ÀÏµé "
"Çàº¹ÁÖÅÃ"
"Çàº¹ÁÖÅÃ ´Ôºñ ¾Æ´Ô"
"Á¾ÀÌÇÐÀÇ ÁøÈ­ ¤»¤» ¿ô±â³×¿ä"
"½½¶óÀÌµùÀÇ ÁÁÀº¿¹ ³ª»Û¿¹"
"¾çÁ¤ ±Û·Î¹ú¹Ý ÁÁÀº°Å°°´Ù"
"[8]"
"¿Ö ¾ç°¶Àº ¸ÁÇÑ°É±î?"
"[1]"
"½Å¸ñÁß ¹Ý 1µîÀÌ¸é"
"[4]"
"¾î¹¹³ª~ÀþÀº ¾Æ°¡¾¾°¡ ¾ó¸¶³ª ´çÈ²ÇßÀ»±î "
"¤¡°ÉÀ½¾Æ ³¯ »ì·Á "
"Áý´ÜÆøÇà ³¡ÆÇ¿Õ "
"°³µµ »ç¶÷ ÈÆ°èÇÏ³× È£È£È£~ "
"³ÊÀÇ Á¤Ã¼¸¦ ¹àÈ÷°Å¶ó¤¾¤¾¤¾ "
"¾Æ½Î ¸ñµ¿Çàº¹ÁÖÅÃ ~~~!¢¾"
"[6]"
"»ï·ûÂ÷µµ ºê·£µå µûÁ®¾ßG "
"¾çÃµ°í 1ÇÐ³â ±â¸»°í»ç Æò±ÕÀÌ ´ë·« ¾î´ÀÁ¤µµÀÎÁö ¾Æ½Ã´ÂºÐ"
"±¸¶óÄ¡°íÀÖ´Ù "
"¿À´Ã¾È¿¡ ´Ù ³¡³¾¼öÀÖÀ»±î "
"ÀÎ°£¸Æ½ººÀ¤»¤»¤»¤»¤»¤» "
"ÀÌ¹ø¿¡ ¸ñµ¿ ¼ºÃßÇà ½Å¸ñÁßÀÌ¶ó¸ç?"
"[6]"
"ºê·¹ÀÌÅ©´Â ÀÌ·¸°Ô Àâ´Â°Å¾ß "
"Áø¸í¿©°í¿¡ °øÀÍ ÀÖ´Ù´Â°Ô Æ®·ç??????????????"
"[4]"
"¸ñµ¿ÁÖ¹Î ´Ôºñ Â¼³×"
"[10]"
"¾Æ ½Ã¹ß °­¼­°í ¿µ¾î½ÃÇè"
"[2]"
"½ÅÁ¤³×°Å¸® ±¦ÂúÀº ¼úÁý ÃßÃµÁ»~~"
"¾Æ¿À À½½Ä¹°¾²·¹±â"
" ÆÇºùºùÀÇ±¼¿å "
"¾çÁ¤ ´Ù´Ï´Â °¶·¯µé¾Æ ¹èÀç ±³°¡ Áßµ¶¼º ½ÉÇÏÁö ¾Ê³Ä¿õ"
"[2]"
"¿©½É »ç·Î ÀâÀº Å°½ºÀåÀÎ ³²ÀÚ¹è¿ì´Â?"
"[µð½ÃìÑÅÍºä] BP¶ó´Ï¾Æ, ´Ù½Ã Start a Fire"
"°­¼­°í´Ù´Ï´Â³ð ¿Í¼­ ÇÐ³â¹Ý ´ãÀÓÀÌ¸§Á» Àû¾îºÁ"
"[4]"
"È¤½Ã °íµùÁß¿¡ ¿©±â ÀÚÁÖ µé¾î¿À´Â³ðÀÖÀ¸¸é ¹Ý¼ºÇØ¶ó"
"[4]"
"Á¦ÀÚ±³È¸ ½Ã¹ú°Íµé¾Æ"
"³Í ´©±¸ ÀÚ½ÄÀÌ´Ï?¤» "
"»ç¾ÇÇÑ¸¶¼ú»ç"
"¿À´Ã Ä£±¸³â»ýÀÏÀÌ³×¤Ì"
"¿îµ¿¼±¼öµé¿¡°Ô ¿©±âµµ °¡¸£Ä¡³ª”j¤»¤»"
"¸ñµ¿¿ª ºÎ±Ù ¶óÀÌ¿ÂÇÇ½Ã¹æ ¾îµø¾î¿ä?"
"[2]"
"¾çÁ¤ Çü´Ôµé ÇÑ¿µ¼ö ÀÌºÐ ¼ö¾÷ ¾î¶§?"
"¾çÁ¤°í 2012ÇÐ³â ÀÔÇÐ»ý(Çö 2ÇÐ³â) ¹æ°úÈÄÇÐ±³ ¾ÆÀÌµð ºñ¹øÀÌ ¹¹¿¡¿ä?"
"[1]"
"·¹ÀüµåŠ´Ô ´Ô ´Ð³×ÀÓÀÌ ³Ê¹« ÀÍ¼÷ÇÕ´Ï´Ù È¤½Ã ¿ª°¶·¯½Å°¡¿ä?"
"[1]"
"¹ö½º¿¡¼­ Àá²¿´ëÇÏ´Â ¾ÆÀú¾¾ "
"¶ó¸¶¸£¸ñµ¿ÇÇºÎ°ú¿¡¼­ Z¿þÀÌºê¹Þ°í ¸ÓÇÉ»ì¾ø¾ÝÀ½-_-¤»"
"[1]"
"±¹¹ÎÇàº¹±â±Ý ½ÅÃ»ÇÏ°í ¿ÔÀ½ "
"¾çÃµ°í Á¹¾÷ÇÏ°í³­ÈÄ Ã³À½À¸·Î ¾ç°¶¿Ô´Ù"
"[1]"
"³»ÀÌ¸§ÀºÈñ½Â2"
"[1]"
"ÈÞ°¡³»°í½Í´Ù "
"¿À´Â°Ô ÀÖÀ¸´Ï °¡´Â°Íµµ ÀÖ¾î¾ß°ÚÁö "
"¸ñµ¿¿¡ Á¶¿ëÇÑ Ä«Æä ¾Æ´Â»ç¶÷?"
"¾çÁ¤ÀÎµéÀº ¸ðÀÇ°í»ç Àß ºÃ´É°¡"
"[3]"
"°­¼­°í ´Ù´Ï´Â¾ÖÀÕ´Ï"
"[3]"
"³²ÀÚµéÀÇ »ýÁ¸º»´É¤»¤» "
"¸ñµ¿À¯¼öÁö¿¡ Çàº¹µµ½Ã ¼¼¿î´Ù ÇØ¼­..."
"[3]"
"Áö±¸¸¦ ¿À¿°½ÃÅ² ¼¼ÀÏ·¯¹® "
"»óÅ¥!!"
"°­¼­°í ±ÇÇõµÎ ¼±»ý´Ô ¾ÆÁ÷µµ °è½É?"
"[2]"
"ÄÉÀÍº¸´Ü »ý¸Æ "
"ÀÎÅÍ·¹Ä­ÀÌ³ª Á¦³ë ´Ù´Ï´Â»õÄûÁñÀÕ³Ä"
"[3]"
"3³âÀüÀ¸·Î µ¹¾Æ°¡°í½Í´Ù"
"³²ºÎ¼øÈ¯µµ·Î¿¡ ¸Æµµ³¯µå »ý°å´õ¶ó"
"¿©½É »ç·Î ÀâÀº Å°½ºÀåÀÎ ³²ÀÚ¹è¿ì´Â?"
"[µð½ÃìÑÅÍºä] BP¶ó´Ï¾Æ, ´Ù½Ã Start a Fire"
"±¹¹ÎÇàº¹±â±Ý ½ÅÃ»¹æ¹ý"
"½Ã°£À» µÇµ¹¸®°í ½Í´Ù "
"¼Ò¼ÈÄ¿¸Ó½º Ã·¿¡´Â ¹º°¡ ½ÍÀºµ¥"
"±ÇÁ¾¼ö ¼±»ý´Ô ¿ø·¡ ÀÌ·¯½Å ºÐÀÌ¾ß ¼±¹è´Ôµé?"
"[10]"
"¾çÁ¤°í ÀßºÁ¶ó Ãæ°íÇÑ´Ù  ³¡±îÁö ÀÐ¾î¶ó "
"[10]"
"¸ñµ¿»ç°Å¸® º°ÀÌ ºû³ª´Â ¹ã¿¡ »ç¶÷ÀÖ³Ä ?"
"±æÄ¡ÀÎ°Ç°¡..."
"¾çÁ¤°í ÈÄ¹è´Ôµé. ÀÌÀÎÈ¯ ¼±»ý´Ô ¾ÆÁ÷ ÇÐ±³¿¡ °è½Ã´ÂÁö??"
"[8]"
"³ª ¾çÃµ°í 2ÇÐ³âÁß¿¡ Å¾Å¬·¡½º´Ù Áú¹®¹Þ´Â´Ù"
"[5]"
"ÃßÀç¿± ±¸Ã»Àå ¿ÏÀüÈ÷ Â©·È³×."
"[3]"
"¾Æ³ö ¿À´Ã»ó·¡°¡ ºÎ¸§"
"[5]"
"¾çÃµ±¸"
"[1]"
"¾çÃµ±¸°¡ Â¯ÀÌÁö!"
"µû¶óÇÒ°Éµû¶óÇØ¶ó ¤² ¤µ"
"¾çÃµ±¸°¶·¯¸®°¡ ¾Æ´Ï°í ¾çÃµ°í°¶·¯¸®¿´³× "
"´ÙÀ½¿£ ¼º°øÇÏÀÚ"
"ÀüÇÐ°¡ÀÚ"
"[4]"
"¾çÃµ°í 2ÇÐ³â 9¹ÝÀÖ³Ä"
"[2]"
"¾çÁ¤ÀÎµé¾Æ"
"[1]"
"±¹¹ÎÇàº¹±â±Ý °¡Á¢¼ö ³»ÀÏ ¸¶°¨ "
"ÁýÁß·ÂÀÌ ¶³¾îÁø´Ù À¸¾Æ¾Æ¾Æ¾Æ "
"[1]"
"¿äÁò Æ¯º°È°µ¿ ÀÌ·±°Åµµ ÇÏ³Ä.jpg"
"[2]"
"ÇÑÆÇ ÇÏ½Ç¶ó¿ì "
"[1]"
"¼±¹è´Ôµé ¾çÁ¤°íÁú¹®Á».."
"[5]"
"¿À¸ñ±³¿ª¿¡ »þÅ° ÇÇ½Ã¹æ ¾ø¾îÁü??"
"[2]"
"¸ñ5µ¿ÀÌ³ª ¿À¸ñ±³¿ªÂÊ¿¡ Á¹¶ó¸ÀÀÕ´Âµ¥¾÷³ª ¤Ð"
"º¸¿ò Ã¶¼öÇß³×."
"´ëÀÏ°í´Ù´Ï´Â Ä£±¸µé ¾ø³ª??"
"[1]"
"µÎÅë¾à ¾îµðÀÖ¾î~ ´ë°¥ºýÀÌ ¾ÆÇÁ´Ù~~~~~~~~ "
"¹é¾Ï°í »ç°Ç¿¡ ´ëÇÑ ÀçÇÐ»ýÀÇ ±Û"
"[4]"
"¿©½É »ç·Î ÀâÀº Å°½ºÀåÀÎ ³²ÀÚ¹è¿ì´Â?"
"[µð½ÃìÑÅÍºä] BP¶ó´Ï¾Æ, ´Ù½Ã Start a Fire"
"¾çÃµ°í 22È¸ Á¹¾÷»ýÀÎµ¥ ..."
"[2]"
"ÀÌÁ¤ÈÞ ¹®ÀÎÃ¶ ´ãÀÓÀÌ¾ú´Ù Áú¹®¹Þ´Â´Ù"
"[1]"
"´ë¾çÃµ°íµîÇÐ±³"
"¿©±â¾çÃµ°í¾ÖµéžÍÄÉ¸¹À½"
"[1]"
"¾Æ¾Æ ¿À´ÃÀº ºÐ¸í..."
"¾ÆÀÌÆù Áß°í ÆÈ¸é ÁøÂ¥ Çö±Ý?"
"¸ñ2µ¿¿¡ ³ëº§¹®ÇÐ»ó ¼ö»óÀÚ Çì¸£¸¸Çì¼¼ ¹Ú¹°°üÀÌ ÀÖ´Ù?"
"[1]"
"¾çÃµ°í ÀçÇÐ»ýµé¾Æ ÇÐ±³´Ù´Ï±âÁÁ³Ä?"
"[3]"
"´ëÀÏ°í ¼±»ýÁß¿¡ ³²´ë¿ì¼±»ý´ÔÀÌ ¶ó°í ÀÖ´Âµ¥"
"[4]"
"¾çÁ¤°í ¼­ÀÎ¿ø¼±»ý´Ô °Ç°­ÇÏ°Ô °è½É ?"
"[5]"
"¿äÁò ¾çÁ¤°í1,2ÇÐ³â Áß¿¡ °³³ä¾ø´Â¾ÖµéÀÌ ³Ê¹« ¸¹´õ¶ó"
"[10]"
"Áø¸íÀÌ¶û ¸ñµ¿¿¡¼­"
"[1]"
"¾çÃµ°í Àü±³5µî¾È¿¡ µç´ÙÁú¹®¹Þ´Â´Ù"
"[4]"
"±ä³ëÀ¯¸®£¬Ãµ±¸ÀÇ À¯°ñ ±×¸®°í ¹®ÀçÀÎ"
"¾çÃµ±¸ °íµîÇÐ±³ µî±Þ? Áö¶öÇÏ³×"
"[5]"
"¿©±â¿Ö ¢b°íµù°¶µÊ?"
"[2]"
"¾ç°¶ ¿À·£¸¸"
"[1]"
"¿À¸ñ±³¿ª ¿·¿¡ÀÖ´Â ¸®¾ÈÇì¾î°¡º»»ç¶÷ÀÖ³Ä"
"¾çÁ¤°í »ó·Ï½ÇÀÌ ¹¹ÀÓ??"
"[2]"
"2ÇÐ³âÀÎµ¥ »ó·Ï½Ç ºé½Å°°´Ù"
"[1]"
"3,4´ÜÁö ÂÊ¿¡ Ãà±¸ÇÒ ¸¸ÇÑ °÷ ¾ø¾î???????????"
"[1]"
"¾çÃµµµ¼­°ü ¿ÍÀÌÆÄÀÌ Áú¹®Á» ¤Ð¤Ð"
"[1]"
"½Å¸ñ°í ÀÌÁ¦ ÇÇ°Ü¼±¼öµµ Å°¿ì³Ä?"
"Á¤µæ¼º¾¾¹ß»õ³¢¾ß"
"[2]"
"¾çÃµ°í ¼öÇÐ ³»½Å1µî±Þ¸ÂÀ»·Á¸é"
"[3]"
"¾çÃµ°í1ÇÐ³â šx³¢µé¾Æ"
"[1]"
"½¦¸£ºôµ¶¼­½Ç »ç¶÷¿ÖÄÉ ¾ø³Ä ¸ÁÇØ°¡³ª??"
"[1]"
"¾çÃµ°í  °í1  °í2»õ³¢µé¾Æ"
"¾çÁ¤ ¼±¹èÇüµé Áú¹®ÀÕÀ½¿ä"
"[5]"
"¾çÁ¤¼±¹èÇüµé ÀÌÀÎÈ¯,ÀÌÃáÈ£,ÃÖÃá±â ÀÌ ¼¼ºÐ ¼ö¾÷ ¾î¶§??"
"[2]"
"¿©½É »ç·Î ÀâÀº Å°½ºÀåÀÎ ³²ÀÚ¹è¿ì´Â?"
"[µð½ÃìÑÅÍºä] BP¶ó´Ï¾Æ, ´Ù½Ã Start a Fire"
"¾çÃµ±¸¿¡ »ç´Â»ç¶÷À¸·Î½á ÇÑ¸¶µðÇÑ´Ù "
"[5]"
"¾çÁ¤°íµîÇÐ±³ ´Ù´Ï´Â Çüµé"
"[1]"
"¾çÃµ°í´Ù´Ï´Â 1ÇÐ³â 10¹Ý»õ³¢µé¾Æ"
"[1]"
"¾çÃµ°í´Ù´Ï´Â ²¿²¿¸¶ 1ÇÐ³â»õ³¢µé¾Æ"
"¸ñµ¿°í Áø¸í¿©°í"
"[5]"
"CL ÄO º¸½´"
"¾çÁ¤°í °í3ÀÌ´Ù Áú¹®¹Þ´Â´Ù"
"[22]"
"ÇÐ±â½ÃÀÛÇØ¼­ È£ÇÁ¾Ë¹Ù±×¸¸µÎ·Á´Âµ¥ ³»ºóÀÚ¸® Ã¤¿öÁÙ»ç¶÷±¸ÇÑ´Ù"
"»ó·Ï½Ç 16½Ã°£ ¾î¶»°ÔÃ¤¿ò"
"[7]"
"½Å¼­¿¡¼­ Àü±³20µîÀÌ³»¿´´Âµ¥ Áø¸í°¡¸é ¸îµîÁ¤µµÇÒ°Å°°À½?"
"[5]"
"¹é¾Ï°í ¤º¤¸¤¡"
"¸ñµ¿ Å¸ÀÓ¾È°æ¸¶Æ®"
"³»°¡ ¾çÃµ±¸ °íµîÇÐ°í µî±Þ¸Å°ÜÁÜ"
"[7]"
"¹é¾Ï °³ÇÐ ¾ðÁ¦¿¡¿ä?"
"¹é¾ÏÀº ¹¹ÇÏ±æ·¡ ¾ÖµéÀ» 17¸íÀÌ³ª ÅðÇÐ½ÃÅ´? ±Ã±ÝÇÏ´Ù"
"[5]"
"´ã¹èÇÇ´Â ¾ç°¶ Áß°íµùµéÇÑÅ× °æ°íÇÑ´Ù"
"[1]"
"´ëÀÏ°í¼±¹è´Ô¾Æ ¤¾ 2ÇÐ³â´ë¼­ ´ãÀÓÀÌ ÇÑÁÖ»ó ½Ü °É·È´Âµ¥"
"[1]"
"´ö¿ø¿©°í¶û ¹é¾Ï°íÁß¿¡ ¾îµð·Î º¹ÇÐÇÏ´Â°Ô ³¯±î¿ä?"
"[3]"
"³ª °­¼­°íÀÎµ¥ ¼öÇÐ°úÇÐ ÇÐ¿øÁ» ÃßÃµºÎÅ¹"
"[3]"
"³ª ¾çÃµ°í 2ÇÐ³âµÇ´Â Á¿¹ä»õ³¤µ¥ ¾çÃµ°í Áø½É¾²·¹±â´Ù "
"[5]"
"Å¹±¸ ¹è¿ï ¼ö ÀÖ´Â °÷ ÃßÃµ ºÎÅ¹ÇØ¿ä"
"[1]"
"¸í¹® È­ÀÌÆ®Äµ¼­ °íµîÇÐ±³ ¶ó´Â°Ç ¹Ì±¹ÀÌ³ª ¿µ±¹¿¡ÀÖ´Â ¸í¹®°íÀÓ?"
"¹é¾ÏÀÎµé´Ù¸ð¿©ù¤»¤»¤»¤»¤»¤»"
"[2]"
"¸í¹® »ç¸³°íµîÇÐ±³ È­ÀÌÆ® Äµ¼­ ÇÏÀÌ½ºÄð ´Ù´Ñ´Ù. Áú¹® ¹ÞÀ½ "
"[3]"
"¾çÃµ°í ¹èÁ¤¹Þ¾Ò´Âµ¥ ¾î¶² ÇÐ±³ÀÎ°¡¿ä? ´Ù´Ï±â¿¡ ÁÁÀº°¡¿ä?"
"[1]"
"³²À» ¿åÇÏ±âÀü¿¡ ÀÚ±âÀÚ½ÅºÎÅÍ µ¹¾Æº¸ÀÚ"
"¾çÃµ±¸ÂÊ ¸¸¸®Àå¼ºÀº ¼­ºñ½º°¡ ¿ÖÀÌ·¸°Ô °³°°³Ä.."
"¾çÃµ°í È¨ÇÇ °³°ÅÁö°°³×"
"[3]"
"¿À¸ñ±³¿ª ÁÖº¯ ºü¸¥ ÇÇ½Ã¹æÁ» ¾Ë·ÁÁÖ¼¼¿ë"
"119.149´©±¸ÀÓ¤±"
"[3]"
"¿©½É »ç·Î ÀâÀº Å°½ºÀåÀÎ ³²ÀÚ¹è¿ì´Â?"
"[µð½ÃìÑÅÍºä] BP¶ó´Ï¾Æ, ´Ù½Ã Start a Fire"
"Æ÷ÄÏº¼Ä¥¼öÀÖ´Â°÷Á»¾Ë·ÁÁÖ¶ó"
"ÈÄ¹è´Ôµé ÀÌ´ë¸ñµ¿º´¿ø ¾Õ ÀÌ»êÇÐ¿ø ¾ø¾îÁø°Ç°¡¿ä?"
"[1]"
"¾çÁ¤°í¼±¹è´Ôµé"
"[6]"
"½¦¶ó¸Þ¸£ ¹®´ÝÀ½...."
"[1]"
"¿µÀÏ°í ¾î¶§¿ä"
"¸ñµ¿½ÃÀå ³¡ »ó¶¼ ÇÇ½Ã¹æ 10½Ã ³Ñ¾î¼­ ÇÒ¼öÀÖ³ª?"
"[2]"
"ºÒ³µ³Ä?"
"[1]"
"¾çÃµ°í ¼±¹è´Ôµé Àú ÀÌ¹ø¿¡ ÀÔÇÐÇÏ´Âµ¥ Á¶¾ðÁ¡¤¾¤¾"
"[6]"
"ÀÌ ¼¼ µµ·Î´Â ¾çÃµ±¸°³¹ßÀÇ ÃÖ´ë ½Ç¼ö¿´´Ù"
"[6]"
"½ÅÁ¤2µ¿ ¸ñµ¿Áß ÂÊ¿¡ ·Ôµ¥¸®¾Æ »ý°å´Ù´Â°Å ·¹¾Ë?"
"[2]"
"ÀÌÆ²Àü¿¡ Á¹¾÷ÇÑ Á¹¾÷»ýÀÎµ¥ ´ëÃ¼ ¾çÃµ°í »ó.¸ð.9 ¾¾ °¡ ´©±¸?"
"[2]"
"¾çÃµ°í Á¹¾÷Çß´Ù!!! ¾ß ±âºÐ jo~~~~ ta~!"
"[1]"
"D"
"¹é¾Ï°í,¾çÃµ°í µÑ Áß ¾î´À°÷ÀÌ ´õ ³ªÀ½?"
"[6]"
"¾çÃµ°í ±¹¾î±³»ç ÀÌÇö¼® °³ ¤²¤µ"
"[4]"
"°­¼­°í ¾î¶§¿ä?"
"[17]"
"º¥Ã÷ ¸ÅÀå ÀÚ¸®¿¡ ´Ï½ÑÂ÷ µé¾î¿Â´Ù"
"¿¹¼úÀÎ¼¾ÅÍ 1Ãþ Å½¾ØÅ½½º »ý±ä´Ù"
"[2]"
"¾çÁ¤°í´Ù´Ï´À·Òµé¾Æ"
"[3]"
"¾ß ¾çÁ¤°í¿¡ ¹«½¼ ÀÏ ³µ³Ä? "
"[6]"
"7´ÜÁö ÈÄ¹® ¾Õ¿¡ ¿¡½ºÇÁ·¹»ç¸àÅ× ÀÏ¸® »ý±ä´Ù"
"[4]"
"¸ñµ¿¿ª¿¡ ¹ö°ÅÅ· »ý±ä´Ù "
"[5]"
"´ëÇÐÇÐ¿ø ¿· ¾¾À¯ ¸ÁÇÔ?"
"[2]"
"½ÅÁ¤µ¿ÀÏÇÏÀÌºô »ç´Â °¶·¯ ÀÖ³Ä?"
"[3]"
"ÅäÀÍÁ¡¼ö³ª µûÀÚ"
"¹Ì¿ë½Ç  ¸Ó¸® ½Ñ°÷Á» ¾Ë·ÁÁÖ¼¼¿ä"
"652 6628 Â÷°íÁö¿¡ ºÒ½ÎÁö¸£³Ä ¾Æ¹«·¡µµ ´ëÁß±³Åë  à¸ÁÀÌ±¸¸Õ"
"[4]"
"¾çµµ°¡ÀÚ¾êµé¾Æ"
"[2]"
"«â<U+FF78>«É«óªÏ ªâª¦ ªÀªáªÀ¡£¡£¡£"
"[1]"
"¾ç°¶·¯µé¾Æ ±äÀå»¡¾Æ¶ó"
"[2]"
"¿©½É »ç·Î ÀâÀº Å°½ºÀåÀÎ ³²ÀÚ¹è¿ì´Â?"
"[µð½ÃìÑÅÍºä] BP¶ó´Ï¾Æ, ´Ù½Ã Start a Fire"
"¾çÃµµµ¼­°ü ¿ÍÀÌºê·Î ¿¡±× ¼Óµµ Àß ³ª¿À³Ä?"
"ª³ª³ªÏ ª¤ªºªâ ÏÖªÎª½ªÐªË êóªëªè¡£¡£¡£"
"[3]"
"¾çÃµ±¸ °¶"
"[1]"
"ÀÌ´ë¸ñµ¿ ÀÎÅ×¸®¾î"
"[1]"
"´ºÅ¸¿îÀÌ°í ³ª¹ßÀÌ°í...¤Ñ¤Ñ"
"[1]"
"¾Æ¾¾ ¸ñµ¿ÇÐ¿ø Á¸³ªºñ½Î³×"
"[2]"
"°­¼­°í ´Ù´Ï´Â »ç¶÷Àº ºÁ¶ó"
"[2]"
"¸ñµ¿¿ªÇÇºÎ°ú Ã£´Â ºÐµé~"
"¾çÃµ±¸¿¡ »ç´Â »ç¶÷µé¿¡°Ô ±Ã±ÝÇÑÁ¡ ÇÏ³ª"
"[1]"
"Çä! ÇÐ±³ Áö°¢ÇÏ´Â²Þ²å´Ù... 2¿ù Á¹¾÷¿¹Á¤ÀÎµ¥ Áö°¢ÇÏ´Â²Þ²åÀ½.real"
"Áö¤Ó¤Ó¤Ó¤Ó¤Ó¿ä¤Ë¤Ë¤Ë¤·¤·¤·¤·¤·¾Æ  ¹ä»çÁÙ²¨?"
"[3]"
"¸ñµ¿ ¸Þ°¡¹Ú½º ¸¹ÀÌ ¹Ù²¼´õ¶ó"
"[3]"
"¿©·¯ºÐ °ð ÀÖÀ¸¸é... ¹ú½á"
"[3]"
"¾ÕÀ¸·Î 47ºÐ³²¾Ò¾î¿ä!!!!!!!"
"¸ñµ¿¿ªÇÇºÎ°ú Àú·ÅÇÑ°÷"
"¾ÕÀ¸·Î 2ÀÏÈÄ¸é ¼ú ±¸¸ÅÇÒ¼öÀÖ´Ù!"
"·±´×¸Ç"
"[2]"
"Àú¹ø¿¡ °­¼­°í ½ÄÁßµ¶±Û¿¡´Ù ""³Ê ±èÁö¿ëÀÌÁö"" ÇÑ³ð ³ª¿Í¶ó"
"[4]"
"¾ÕÀ¸·Î 3ÀÏÈÄ¸é ¼ú ±¸¸ÅÇÒ¼öÀÖ´Ù!"
"¾ÕÀ¸·Î 4ÀÏÈÄ¸é ¼ú ±¸¸ÅÇÒ¼öÀÖ´Ù!"
"¾Æ ½Å¼­°í ÀÏÁö¸Á›§´Âµ¥"
"[4]"
"¾çÃµ°ø¿ø È­Àå½Ç¿¡ ³ë¼÷ÀÚ »ç´Âµí"
"¿À´Ã 1´ÜÁö ¾ÆÆÄÆ®¿¡¼­ ÇÑ ¾ÆÀÌ°¡ ¶³¾îÁ® ¿î¸íÀ» ´Þ¸®ÇÏ¿´½À´Ï´Ù. "
"[5]"
"¾ÕÀ¸·Î 5ÀÏÈÄ¸é ¼ú ±¸¸ÅÇÒ¼öÀÖ´Ù!"
"¾çÃµ±¸¿¡ ¿îµ¿º¹ ÁÖ´Â Çï½ºÅ¬·´Àº ´ëÃ¼ ¾îµðÀÖ´Â °ÅÀÓ???"
"[2]"
"¾ÕÀ¸·Î 6ÀÏÈÄ¸é ¼ú ±¸¸ÅÇÒ¼öÀÖ´Ù!"
"¸ñµ¿  KTÁöÁ¡ ±¸³»½Ä´ç °¡¼ººñ Á¶Àºµí"
"[4]"
"ÄÄÇ»ÅÍ 30½Ã°£¿¬¼ÓÀ¸·ÎÇÏ°íÀÖ´Ù Áø½É ÅäÇÒ°Å°°´Ù"
"¾ÕÀ¸·Î 7ÀÏÈÄ¸é ¼ú ±¸¸ÅÇÒ¼öÀÖ´Ù!"
"°­Ã¶Áßº´½ÅÀÌ³Ä"
"[1]"
"¿©½É »ç·Î ÀâÀº Å°½ºÀåÀÎ ³²ÀÚ¹è¿ì´Â?"
"[µð½ÃìÑÅÍºä] BP¶ó´Ï¾Æ, ´Ù½Ã Start a Fire"
"¾ÕÀ¸·Î 8ÀÏÈÄ¸é ¼ú ±¸¸ÅÇÒ¼öÀÖ´Ù!"
"¾ÕÀ¸·Î 9ÀÏÈÄ¸é ¼ú ±¸¸ÅÇÒ¼öÀÖ´Ù!"
"¾îÁ¦ºÎÅÍ ±âºÐÀÌ ÁÁ½¿´Ù"
"[2]"
"Çæ<U+11A2>"
"[1]"
"¾ÕÀ¸·Î 10ÀÏÈÄ¸é ¼ú ±¸¸ÅÇÒ¼öÀÖ´Ù!"
"¾ÕÀ¸·Î 11ÀÏÈÄ¸é ¼ú ±¸¸ÅÇÒ¼öÀÖ´Ù!"
"CLÄO º¸½´"
"[1]"
"¾ÕÀ¸·Î 12ÀÏÈÄ¸é ¼ú ±¸¸ÅÇÒ¼öÀÖ´Ù!"
"¾ÕÀ¸·Î 13ÀÏÈÄ¸é ¼ú ±¸¸ÅÇÒ¼öÀÖ´Ù!"
"¾ÕÀ¸·Î 14ÀÏÈÄ¸é ¼ú ±¸¸ÅÇÒ¼öÀÖ´Ù!"
"¾ç°¶·¯µé ¸ðµÎ ÅõÇ¥ÇÏ·¯ ¤¡¤¡"
"[1]"
"¾ÕÀ¸·Î 15ÀÏÈÄ¸é ¼ú ±¸¸ÅÇÒ¼öÀÖ´Ù!"
"20»ì ³² ½Å¿ùµ¿"
"[1]"
"Áö±Ý ¸ñµ¿ ¿Â¼ö¶û ³­¹æ µÊ??"
"[1]"
"¾ÕÀ¸·Î 16ÀÏÈÄ¸é ¼ú ±¸¸ÅÇÒ¼öÀÖ´Ù!"
"[1]"
"ÇÑ°¡¶÷ ±ÁÀÌÄ¡´Â ¾çÈ­ ³ª·çÅÍ~"
"[1]"
"¸ñµ¿¼º´çÀÌ ÇÑ±¹¿¡¼­ 5¹øÂ° ±Ô¸ð¾È¿¡ µç´Ù³×."
"[11]"
"°ü¾Ç»ê ¼ÚÀ½°°ÀÌ ÂøÇÏ°í ¾¿¾¿ÇÏ°Ô"
"[1]"
"ÇÑ°¡¶÷Çª¸¥¹°°á ¹Ù´Ù¿¡±ÁÀÌÄ¡´Â¹° ÀÌ°Å ¾î´ÀÀâÇÐ±³ÀÇ ±³°¡³Ä? ¾îµð¼­¹è¿î°Å°°´Ù"
"[4]"
"¾ÕÀ¸·Î 17ÀÏÈÄ¸é ¼ú ±¸¸ÅÇÒ¼öÀÖ´Ù!"
"¾çÃµ°í ´Ù´Ï´Â »ç¶÷ ÀÖÀ½?"
"[5]"
"¾çÁ¤Áß-¾çÁ¤°í Å×Å©Å¸´Âµ¥"
"[1]"
"¾ß ¸ñ4µ¿ÀÌ °¡³­ÇÑµ¿³×³Ä?"
"[3]"
"¾ÕÀ¸·Î 18ÀÏÈÄ¸é ¼ú ±¸¸ÅÇÒ¼öÀÖ´Ù!"
"¾Æ¹«¸® »ý°¢ÇØµµ ÇÑ°¡¶÷Àº ¾²·¹±â°°¤º´Ù"
"[1]"
"°­Ã¶ÁßÇÐ±³ ÀúÀÎ°£Àº ¿Ö ¸Ç³¯ ¼ú±¸¸ÅÇÒ¼öÀÖ´Ù´Â°É Àú·¸°Ô Ä«¿îÆ®´Ù¿îÇÏ³ª¿ä?"
"[2]"
"¾ÕÀ¸·Î 19ÀÏÈÄ¸é ¼ú ±¸¸ÅÇÒ¼öÀÖ´Ù!"
"¾çÃµµµ¼­°ü ÇÁ¸°ÅÍ »ç¿ë°¡´ÉÇÏ³Ä?"
"[1]"
"¹Úº¸°Ë µ¿Ã¢ÀÎµ¥"
"[4]"
"¾ç°¶¸ÁÇÔ?"
"¿©½É »ç·Î ÀâÀº Å°½ºÀåÀÎ ³²ÀÚ¹è¿ì´Â?"
"[µð½ÃìÑÅÍºä] BP¶ó´Ï¾Æ, ´Ù½Ã Start a Fire"
"1dd"
"[1]"
"¾ÕÀ¸·Î 20ÀÏÈÄ¸é ¼ú ±¸¸ÅÇÒ¼öÀÖ´Ù!"
"¾ÕÀ¸·Î 21ÀÏÈÄ¸é ¼ú ±¸¸ÅÇÒ¼öÀÖ´Ù!"
"¿äÁò¾çµµºÐÀ§±â¾î¶¶??"
"[1]"
"ÇÏÀÌÆä¸®¿Â2´Â ºÎÀÚ¸¸ »ì¾Æ¿ä?"
"[5]"
"¾çÃµ±¸Ã»¿ª ÁÖº¯À¸·Î Å±º¹½ÌÀÌ³ª ¹«¿¡Å¸ÀÌ Ã¼À°°üÀÖ³Ä"
"[2]"
"¾ÕÀ¸·Î 22ÀÏÈÄ¸é ¼ú ±¸¸ÅÇÒ¼öÀÖ´Ù!"
"¾ÕÀ¸·Î 23ÀÏÈÄ¸é ¼ú ±¸¸ÅÇÒ¼öÀÖ´Ù!"
"[1]"
"¾çÃµµµ¼­°ü ¾ÆÁ÷µµ ÀÌ·¯³Ä"
"[1]"
"¾ÕÀ¸·Î 24ÀÏÈÄ¸é ¼ú ±¸¸ÅÇÒ¼öÀÖ´Ù!"
"¸ñµ¿ ÇÏÀÌÆä¸®¿Â 2Â÷ ¾ÆÆÄÆ® »ì±â ?"
"[3]"
"¾ÕÀ¸·Î 25ÀÏÈÄ¸é ¼ú ±¸¸ÅÇÒ¼öÀÖ´Ù!"
"[1]"
"¸ñµ¿±ÙÃ³ »ì¸¸ÇÑ°÷"
"[1]"
"¾ÕÀ¸·Î 26ÀÏÈÄ¸é ¼ú ±¸¸ÅÇÒ¼öÀÖ´Ù!"
"Çüµé ÇÑ°¡¶÷°í ÀÖÀÝ¾Æ¿ä"
"[2]"
"¾ÕÀ¸·Î 27ÀÏÈÄ¸é ¼ú ±¸¸ÅÇÒ¼öÀÖ´Ù!"
"¾ÕÀ¸·Î 28ÀÏÈÄ¸é ¼ú ±¸¸ÅÇÒ¼öÀÖ´Ù!"
"[2]"
"¾çÃµ±¸ °¶·¯¸®"
"[4]"
"ÀÌ¹ø¿¡ °íµîÇÐ±³ °¡´Â °ÔÀÌÀÎµ¥"
"[7]"
"¿ø¼­½ÃÁðÀÌ¶ó°í ±Û¿Ã¶ó¿À³×"
"°íµîÇÐ±³°í¹Î"
"[8]"
"¾çÃµ±¸ °íµîÇÐ±³Áß °úÇÐ °¡Àå Àß °¡¸£Ä¡´Â °÷ÀÌ ¾îµô±î?"
"[1]"
"¿©±â¼­ ÀÎ°­ µéÀ¸¸é¼­ °øºÎÇÏ´Â »ç¶÷ÀÖ³Ä?"
"[1]"
"¸Á°¶·¯ ¾Ö¹Ì ¾Ã»õ³¢µé¾Æ ¿ù¿äÀÏ ¾çÁ¤Áß ½ÃÇèÀÌ´Ù "
"[8]"
"¾Æ ¾¾¹ß Á¿°°Àº ¾çÃµ°í ¾È µØÁö³Ä"
"[2]"
"Á¤µæ¼º¾ÈÂ©¸®³Ä"
"Á¤¹Ð¾ÈÀüÁø´ÜÀÌ¶õ??"
"¾ÈÀüÁø´Ü Åë°ú¸¦ À§ÇÑ °³³äÁ¤¸®"
"¸ñµ¿Àº Á×À½À» °¢¿ÀÇÏ°í 2014³â±îÁö"
"[4]"
"¿©±â ½ÅÁ¤µ¿ ½ÅÁ¤ÀÌÆæÇÏ¿ì½º »ç´ÂÇüÀÖ¾î?"
"[7]"
"¿©½É »ç·Î ÀâÀº Å°½ºÀåÀÎ ³²ÀÚ¹è¿ì´Â?"
"[µð½ÃìÑÅÍºä] BP¶ó´Ï¾Æ, ´Ù½Ã Start a Fire"
"°­¼­°í ½ÄÁßµ¶Å×·¯ÀÏ¾î³²"
"[9]"
"³ªÇÑÅ× ¼öÇÐ°ú¿Ü¹ÞÀ»°íµù¾ü¤µ³Ä"
"ÇÇ¾¾¹æÀ» Ã£½À´Ï´Ù~"
"¾îµð ¾Ë¹ÙÇÒµ¥ ¾ø³ª?"
"[1]"
"µµ½Ã ¼­¿­¼øÀ§´Â ºÎ»ê>>>> ¼­¿ï ¼øÀ§¶ó´Â°Ô ¸»ÀÌ µÇ³Ä?"
"[6]"
"¹Úº¸°Ë ¸ñµ¿Áß 09ÀÓ"
"ÇÇ¾¾¹æÀ» Ã£½À´Ï´Ù~"
"[2]"
"¼­¿ïÁöÇÏÃ¶11È£¼±"
"[1]"
"Á¡½É ½Ã°£~ÁøÂ¥ »ø·¯µå ¿ÏÀü ¸Ô°í ½Í´Ù ¤Ð¤Ð"
"[1]"
"³» ³²µ¿»ý ÀÌ¸§Àº Á¤¸í¼®.."
"¾ç°¶ °íµù´Ôµé¾Æ"
"[1]"
"clÄO ÀÌ¾¸?"
"[2]"
"¾çÃµ°í3³âÂ÷ÀÎµ¥... ¾çÃµ°í¿¡´Â µµ¼­°üÀÌÀÖ½À´Ï±î? µµ¼­°ü ÀÖ³ª¿ä?"
"[2]"
"´ëÇÐÇÐ¿ø cu¾Ë¹Ù»ý ÀÌ»Ú´Ù....."
"½ÅÁ¤Â÷·®±âÁö »ç¾÷"
"[1]"
"Áß¾Ó´ë1+3¶û ÇÑ¾ç´ë1+3 ¾î´À°Ô ÁÁÀº°Å °°¿¡?"
"[4]"
"ÇÇ¾¾¹æÀ» Ã£½À´Ï´Ù~"
"µÇ´ÏÃ÷¾ß Ä«ÅåÀÕ³Ä?"
"[1]"
"¾Ë¹ÙÇÒ°÷ÃßÃµÁ»ÇØÁÖ¶ó"
"[1]"
"ÀÌÀçÇÐÀÌ ¤´ÀÌ »ðÁúÇØ³ö¼­ ½Å¿ù°æÀüÃ¶µµ °ÅÀÇ ¹«»êµÉÁö°æÀÌ³×"
"[18]"
"³»°¡ Àç¼ö¸¦ ÇÏ°ÔµÇ¸®¶ó°ï »ý°¢µµ¸øÇß´Ù... ¾Æ Áø½É Àý¸Á°¨Â¿¾î ¹ÌÄ¡°Ú´Ù "
"[1]"
"¼ö´Éº» °í3ÀÓ...¼ú»ý°¢³ª¼­±×·¯´Âµ¥ »ýÀÏ¾ÈÁö³µ´Âµ¥ ¼ú ±¸¸Å°¡´É?"
"[3]"
"±Ùµ¥ ¾çÃµ±¸ ¸¶À»¹ö½º´Â"
"[8]"
"¸ñµ¿Áß 08³âµµ ÀÔÇÐÇÔ ¤¾¤¾"
"[1]"
"¤µ¤² 08³âµµ ¸ñµ¿ÁßÁ¹¾÷»ý¾ø³Ä?"
"[1]"
"¾Ë¹Ù ¸ÓÇÒ±î"
"[1]"
"´Ùµé ¼ö´É³¡³ª¸é"
"[2]"
"È¥ÀÚ ¼ú¸Ô±â ÁÁÀºµ¥ ¾Ë·ÁÁà"
"[1]"
"¹Úº¸°Ë ÁßÇÐ±³ µ¿Ã¢¾øÀ½??"
"[6]"
"¿©±â¿¡ 08³âµµ ¸ñµ¿Áß Á¹¾÷»ýÀÕÀ½?"
"¿©½É »ç·Î ÀâÀº Å°½ºÀåÀÎ ³²ÀÚ¹è¿ì´Â?"
"[µð½ÃìÑÅÍºä] BP¶ó´Ï¾Æ, ´Ù½Ã Start a Fire"
"< ÁÁÀº°îµé¸¸ À¯¸íÇÏÁö ¾ÊÀº°îÀ¸·Î ¹ß¶óµå ÃßÃµ°î ¸ðÀ½ >"
"[1]"
"¸ñµ¿ ±¸À¯ÁöÂÊÀÌ ¾à°£ ¾Æ½±´Ù »ý°¢ÇÏ´Â°Ç"
"[1]"
"ÁøÂ¥ ÇïÀÎ°Ç ½Å¿ùµ¿º¸´Ù ½ÅÁ¤4µ¿ÀÓ..."
"[7]"
"¾çÁ¤°í ¼±¹è´Ôµé²² Áú¹®Á»µå¸±²²¿ä"
"[2]"
"°ú¸²ÈÆ·ÃÀå ¼ÅÆ²¹ö½º ¾îµð¼­ Å¸¾ßÇÏ³ª¿ä?"
"[1]"
"¸ñµ¿»ç´ÂºÐµé »ç¶÷Ã£¾Æ¿ä"
"[1]"
"24½Ã Ä«Æä"
"[2]"
"¹é¾Ï¿·¿¡ ±× °Ç¹° ½ÇÃ¼¸ð¾ß ³ª ¹é¾Ï³ª¿Ó´Âµ¥ "
"[5]"
"´Ù ¸ñµ¿»ç´Â»ç¶÷¹Û¿¡ ¾ø³×"
"[5]"
"¾çÃµ°í ´ëÃ¼ÀûÀ¸·Î ¾î¶²°¡¿ä"
"[7]"
"¾çÃµ±¸ÀÇ Y°í ÇÐ¿ì ¿©·¯ºÐ, ÀÌ ±ÛÁ» ºÁÁÖ½Ê½Ã¿À"
"[22]"
"ÃßÀç¿± ±¸Ã»Àå Â©·È³Ä? (´ç¼±¹«È¿Çü)"
"[6]"
"½ÅÁ¤µ¿ÀÌ ¾îµð³Ä¸é "
"[6]"
"¾Æ ½Ã¹ß ¿ì¸®µ¿³× ¿ÀÅä¹ÙÀÌ ¿ÖÀÌ·¸°Ô ¸¹¾ÆÁ³³Ä"
"[8]"
" ¾Æ¾¾¹ß¿¡ÇÁÅ³¶ó"
"[1]"
"±¸°¶ÀÌ³ª ¿©±â³ª Á¤ÀüÀº ¸¶Âù°¡Áö³ß,..¤Ð¤Ð"
"[2]"
" ½ÅÆ®¸®¾ÆÆÄÆ®1´ÜÁö ¸ÂÀºÆí »ó°¡°Ç¹° 1Ãþ CU¿¡¼­ »ç¶÷±¸ÇØ¿ä"
"[8]"
"Ãß¼®ÀÌ´Ï±î ¿©·¯ºÐ ¿Í¿ì(WOW) ÆÇ´Ù¸®¾ÆÀÇ ¾È°³ È®ÀåÆÑ »õ·Î³ª¿Ô½À´Ï´Ù^^"
"¾çÁ¤Áß ½ÃÇè³¡³µ´Ù¤±¤¡¤©¤¤ž¶ó¤¿¾Ö¾Ö¤ÃÅÍ¾Æ"
"[4]"
"°ú¸²±³Àå Çâ¹æ±âº» ºý¼¼³Ä?"
"[3]"
"»ì¾ÆÀÖ³Ä ¾ç°¶·¯?"
"[1]"
"½Å¿ù2µ¿ ±ÙÃ³ µ¶¼­½Ç Ãß¼®¶§ ¹®¿©´Âµ¥ ¾ø³Ä?"
"[2]"
"¾çÃµ±¸ °íµùµéµµ ¼öÇÐ¿©Çà¶§ ¼ú¸Ô³Ä?"
"[4]"
"¾çÁ¤°í Áú¹®Á»"
"[4]"
"Ç×»ó ´À³¢´Â °ÅÁö¸¸ ¾çÁ¤±Ý½Ä À£ÄÉ ¾Ö¹Ì¾ø³Ä"
"[2]"
"°ÔÀÌ»õ³¢µé¾Æ ³»ÀÏ½ÃÇèÀÌ´Ù ÀÀ¿øÀÌ³ª ÇØÁà¶ó"
"[2]"
"¾ç°¶ÇÏ´Â »õ³¢µéÀº ´Ù¸¥°¶ÀÌ¶û º´ÇàÇÏ¸é¼­ÇÏ³Ä"
"[1]"
"¿©±ä ´ÙÇÐ»ýµé»ÓÀÎ°¡? 20´ë¾ø³ª?"
"[5]"
"°­¼­°í±ÙÃ³"
"[1]"
"³»°¡ ¾çÁ¤ÁßÇÐ±³ °¡Ä«¸À»çÅÁÀÌ´Ù"
"[2]"
"¿©½É »ç·Î ÀâÀº Å°½ºÀåÀÎ ³²ÀÚ¹è¿ì´Â?"
"[µð½ÃìÑÅÍºä] BP¶ó´Ï¾Æ, ´Ù½Ã Start a Fire"
"ÇÑ°¡¶÷ °è·û¹Ì ¾ÆÁ÷µµ ¾çÃµ2Å½??"
"[1]"
"¾î¶² ³ª»Û›y³¢°¡ °¡·Î¼ö·Î ÀºÇà³ª¹«¸¦ µµ¹èÇÒ »ý°¢À» ÇßÀ»±î?"
"[6]"
"³ÊÈñµéÀº ¸í´ö¿Ü°í ¾î¶»°Ô »ý°¢ÇÏ³Ä?"
"[3]"
"¾çÃµµµ¼­°ü ÄÄÇ»ÅÍ½Ç ²Á´ë ¿ø·¡ ºÒÄ£Ã¶ÇÏ³Ä?"
"[3]"
"¾çÃµ±¸¸¦ ¾çÃµ±¸ ÇÐ»ý°¶·Î ÇìÂm"
"¸ñµ¿¿ª ´ß°­Á¤ ¾îµð°¡ Á© ¸À³²?"
"[8]"
"Áø¸íÃàÁ¦ Àç¹Õ´ç"
"[2]"
"½Å¿ùÁß ¿äÁòµµ °øºÎ ¸øÇÏ³Ä?"
"[1]"
"24ÀÎ¿ë ÅÙÆ®Ä¡´Â Çà»ç ½Å¿ùµ¿¿¡¼­ ÇÏ³× ¤»¤»"
"[2]"
"°ú¿ÜÇÏ±â ÁÁÀº Àå¼Ò ÃßÃµÁ»¿ä"
"[2]"
"¸ñµ¿¿¡ ÀÚÀü°Å ¹Ù¶÷Àº ¾îµð¼­ ³Ö³²?"
"[4]"
"±Ùµ¥ ½ÅÁ¤5µ¿"
"[2]"
"Áø½É ¹Û¿¡ ³ª°¡¸é"
"¸ÁÇÑ°¶¿¡ Áú¹®Á»¿Ã¸±°Û.. ½Å¿ù3µ¿ ÀÌÂÊÁö¸® Àß¾Æ´Â»ç¶÷ÀÖ¾î?"
"[5]"
"½ÅÁ¤µ¿»ì¸é¼­ ¸ñµ¿»ê´ÙÇØµµµÊ?"
"[2]"
"¿À´ÃÀÇ ÃßÃµ°î¡Ù"
"[1]"
"´Ôµé¾Æ ¾çÃµ°íÃàÁ¦Àç¹Õ³ª¿ä???"
"[4]"
"¼ö´ÉÁ¢¼öÇÏ·¯ ¸ð±³¸¦ ¹æ¹®Çß¾ú´Ù"
"[1]"
"¾çÃµ±¸°¶ ¿À·§¸¸"
"¸ñµ¿¿¡¼­ ÁÁÀºÇÇ¾¾¹æ ¾îµðÀÓ?"
"[3]"
"Çö¹é¾Õ¿¡¼­ ÇåÇ÷ÇÑ»ç¶÷ ÀÖ³Ä?"
"[2]"
"¾çÃµ±¸"
"[1]"
"±»¸ð´×¡Ù"
"[2]"
"°­¼­°í ¤¾¤²¤· »±¼Ò´Ï »ç°Ç ¾ê±â°¡ ÇÏ³ªµµ ¾ø³×"
"[3]"
"¸ñµ¿ ÇÐ¿ø ÃßÃµÁ» ÇØºÁ¶ó "
"[18]"
"¡Ú¾ð·Ðº¸µµ¡Ú [¾çÃµ±¸ ¹Ì´ã]2012 À¯¿ùÀý»ç¶û »ý¸í»ç¶û ÇåÇ÷¸±·¹ÀÌ"
"[7]"
"°­¼­°íÂÊ µ¶¼­½Ç ¾îµð ÁÁÀº°÷ ÀÖ³Ä? "
"[2]"
"¾Æ ¿©±â ¸ÁÇÑ°ÖÀÌ±¸³ª"
"[1]"
"¸ñµ¿ ¼º¿ø¾ÆÆÄÆ® ¤Ð"
"[2]"
"¾ß°£ ÀÛ°èÈÆ·Ã¶§ ¹¹ÇÔ?"
"[3]"
"¿©½É »ç·Î ÀâÀº Å°½ºÀåÀÎ ³²ÀÚ¹è¿ì´Â?"
"[µð½ÃìÑÅÍºä] BP¶ó´Ï¾Æ, ´Ù½Ã Start a Fire"
"±»¸ð´×¡Ù"
"[6]"
"¿Í"
"[4]"
"±Ùµ¥ ¸ñµ¿´ë¸²¾ÆÆÄÆ® ¾Æ¹«µµ¾Èµé¾î¿À´Â ºó»ó°¡ÀÖÀ½?"
"[4]"
"Çæ Áú¹® ¿Ã¸®°í ³ª¼­ º¸´Ï ¾ç°¶ ¸®Á¨ Á½´í³×?"
"[2]"
"¿Ã½ÃÁð ¸ñµ¿ ±¸Àå ³Ø¼¾ ¹«·áÀÔÀå ³¡³µ³ª~?"
"Ä¦³Ã¸é ¹è´ÞµÇ´Âµ¥ ÀÖ¾î?"
"[2]"
"¸ñµ¿¿ª ´ß°­Á¤ 3ÆÄÀü"
"[12]"
"2012³â À¯¿ùÀý»ç¶û ÇåÇ÷¸±·¹ÀÌ ~ (¾çÃµ½Å¹®)"
"[2]"
"ÇØ¿î´ë ¿¬ÀÎµé °¶·¯¸® °³¼³ Âù¼ººÎÅ¹µå¸³´Ï´Ù!"
"[2]"
"8¿ù 123ÀÏ ¾çÃµ±¸ »ì¸é ¿©¼ö¿¢½ºÆ÷ 3Ãµ¿øÀÌ¶ó´Â°Ô Æ®·çÀÓ??"
"[1]"
"±»¸ð´×¡Ù"
"[3]"
"¾Öµé ¸êÁ¾Çß³ª"
"[3]"
"ÇÇÀÚÁý ¸ÀÀÕ´Âµ¥ ÃßÃµÁ»"
"[4]"
"»õº®¿¡ ¾çÃµ°ø¿ø¿¡ °æÂûµé ÀÖ´øµ¥"
"¾çÃµ±¸¹ÎµéÁß¿¡ ³Ø¼¾È÷¾î·ÎÁî ÆÒ ¸¹³ª¿ä? "
"[6]"
"±»¸ð´×¡Ù"
"[1]"
"Çüµé °¡°Ô ÃßÃµÁ»¤·¤µ¤·"
"[3]"
"°­ÇÑÃæµ¿ ÀÌ»õ³¢"
"[1]"
"±»¸ð´×¡Ù"
"[5]"
"¿ø·¡ ¾ç°¶ ±Û¸®Á¨·üÀÌ ÀÌ·¸°Ô¾ø³ª¿©?¤Ð¤Ð"
"[3]"
"¡Ú¡Ú ¾çÁ¤°íÃàÁ¦¿À¼¼¿ä(19:00~°ø¿¬) ¡Ú¡Ú"
"[6]"
"¸ñµ¿±Í½Å ¸Ó³Ä"
"[2]"
"¾çÃµµµ¼­°ü ³Ê¹«ÇÔ..."
"[4]"
"¸ñµ¿ ´ÜÁö³»¿¡¼­ ´ã¹èÁ» ÇÇÁö ¸¶¶ó"
"[3]"
"±»¸ð´×¡Ù"
"[9]"
"È¨ÆäÀÌÁö£ÛÁ¦ÀÛ,ºñ¿ë,¾÷Ã¼,Àü¹®£ÝÈ¨ÆäÀÌÁö ¡í STQ±âÈ¹¹Ìµð¾î"
"¾çÃµ±¸ ÁÖ¹ÎµéÀº ÀÌ ±ÛÀ» Á» ºÁÁÖ¼¼¿ä"
"[16]"
"¿À¸ñ±³¿ªÀÌ³ª ½ÅÁ¤¿ª ÁÖº¯¿¡ ÇÇ½Ã¹æÁ»"
"[1]"
"½ÅÁ¤³×°Å¸®¿¡¼­ Á© °¡±î¿î¿ªÀÌ ¾îµðÀÓ?"
"[3]"
"Á¦ÀÚ±³È¸Áö±Ý ³­¸®³µ³× ¤»¤»"
"[3]"
"¿©½É »ç·Î ÀâÀº Å°½ºÀåÀÎ ³²ÀÚ¹è¿ì´Â?"
"[µð½ÃìÑÅÍºä] BP¶ó´Ï¾Æ, ´Ù½Ã Start a Fire"
"½Å¿ùµ¿ÂÊ¿¡ ÇÎ°Å½ºÅ¸ÀÏ ±âÅ¸ ÀßÄ¡´Â °¶·¯ ¾øÀ½??? ÇÑ¼ö ¹è¿ì°í ½ÍÀ½ ¤¾¤¾"
"[2]"
"°­¼­°í´Â °íÃß¸¸µµ¸øÇÔ ´Ù´Ï´Â»ç¶÷Àº¾Ë²¨ÀÓ"
"[4]"
"¾ß ¾çÁ¤1ÇÐ³âµé"
"[1]"
"Çü´ÔµéÁß¿¡ ¾çÃµ°í Á÷¾÷¹Ý ¿¡°è½Ã°Å³ª, Á÷¾÷¹Ý Ãâ½Å °è½Å°¡¿ä?"
"[3]"
"¿À´Ã"
"[2]"
"Çüµé ½Å¸ñ°í > ±Ý¿Á°í±îÁö °¡´Â ¹ö½º¾ø³ª??"
"[3]"
"½Ã¹ß³ðµé¾Æ ¿À´Ã ¾çÁ¤ ¹®°ú3ÇÐ³â ¼öÇÐ ´äÁ» ¤µ¤²"
"[3]"
"Çüµé ¿À¸ñ±³±ÙÃ³ ÀÌ°Å ½Ã°£Ç¥¸¸º¸°í ¾îµðÇÐ±³ÀÎÁö ¾Ë¼öÀÖ´Â ´É·ÂÀÚÀÖ¾¸?"
"[8]"
"¿À´Ã ºÒ³­µ¥"
"[3]"
"³»°¡ Áö±Ý ¾çÁ¤°í´Ù´Ï´Âµ¥ ³ªÁß¿¡ ¾çÁ¤°í ±³ÀåÀ» ÇÏ·Á°íÇØ. ¾îÄ«¸é µÉ±î"
"[4]"
"¹é¾Ï ¿¬¿¹ÀÎ"
"[3]"
"³ª¶û °°Àº ·çÆ®ÀÖ³Ä"
"[2]"
"¾çÁ¤"
"[1]"
"½Å¿ùµ¿ ´õÁ¸µ¶¼­½Ç ÁÁ³ª¿ä? ÀÌ»ç¿Ô¾î¿ä"
"[4]"
"¾çÃµ±¸¿¡ °³ÀÎÀÌÇÏ´Â Á¶±×¸¸ Ä¿ÇÇ¼óÁß¿¡ ¾Ë¹Ù ±¸ÇÏ´Âµ¥ ÀÖ³ª,,"
"[1]"
"¾çÃµ±¸ °íµîÇÐ»ý ÀçÇÐ»ý(Á¹¾÷»ý) ´Ù Å¬¸¯ÇØºÁ ¤»¤»ÀÌ»ö¼³¹®Á¶»ç"
"[9]"
"¸ñµ¿ pt ¾îµð°¡ ±¦ÂúÀ½?"
"[3]"
"Ä¿ÇÃ µÇ¸é ÇÏ°íÇÂ°Å "
"[1]"
"2012 ¾ç¹èÀü °á°ú Á»"
"[4]"
"¾çÁ¤ ±³Àå¸»ÀÌ¾ß"
"[5]"
"¾çÁ¤ Á¿¹ä »õ³¢µé ¤Ñ¤Ñ "
"[3]"
"±¤Àå¿¡ ²¿ÁöÇÊ ¾îµø³ª¿ä"
"[2]"
"¸ñµ¿¤¾¤¾¤¾¤¾¤¾¤¾¤¾¤¾¤¾¤¾¤¾¤¾"
"Àá½Ç¿¡¼­ ¸ñµ¿¾ß±¸Àå °¥°Çµ¥ ¾î´À ¿ª¿¡¼­ ³»´Â°Ô °¡Àå ºü¸§.......?"
"[3]"
"ÇÑ°¡¶÷ °è·û¹ÌÀÖÀÝ¾Æ"
"[6]"
"¾ß ÃÊÁß°í 12³â ÀüÇÐ¾øÀÌ in¾çÃµ±¸ ¿Ïº®Å¬¸®¾îÇÑ»ç¶÷ÀÖ³Ä?(¼³¹®Á¶»ç)"
"[16]"
"³ª¸¦¿ï·ÁÁÖ´Â º½ºñ"
"[1]"
"ÇÑ°¡¶÷ °è·û¹Ì"
"[4]"
"¾çÁ¤°í ¼±¹è´Ôµé"
"[3]"
"¸ñµ¿ÁßÇÐ±³-½ÅÁ¤±³ ³Ñ¾î°¡´Â »ç°Å¸® ½ÃÀåÁ¶»ç ÀÇ°ßÁ»"
"[8]"
"¿©½É »ç·Î ÀâÀº Å°½ºÀåÀÎ ³²ÀÚ¹è¿ì´Â?"
"[µð½ÃìÑÅÍºä] BP¶ó´Ï¾Æ, ´Ù½Ã Start a Fire"
"´ëÀÏ°í ÁÖº¯ ÇÇ½Ã¹æ ¾ÆÁ÷µµ Àú·ÅÇÔ?"
"[4]"
"<¿Ã³Ý½Ã½º> ±¹Á¦ÀüÈ­ 00300 ¿Ã³Ý½Ã½º ¾Ë¾Æº¸±â"
"¿¹¾à½Ç¿¡¼­ ÀüÈ­ÀÀ´ë ¾Ë¹Ù ÇÒ ¿©ÀÚ ÀÖÀ»±î??"
"ÀÌÁ¦ÇÐ¾¾´Â Á¤¸» ´äÀÌ¾ø´Â°Í °°³×¿ä."
"[2]"
"Çö¹é¿¡ ¿¡ÀÌ·£µå µé¾î¿Â°Ç ¹Ù¶÷Á÷ÇÑ°Í°°µð"
"¾çµµ °ø»çÇØ¼­ °­¼­µµ¼­°ü °¡·Á´Âµ¥ Áú¹®Á»  ¹°·Ð ÀÚ½À½Ç "
"¿À´Ã ¸ðÀÇ°í»çº»³¯ÀÎµ¥ "
"[1]"
"¾ç°¶"
"¾ß ÇÑ°¡¶÷°è·û¹Ì°¡´©±¸³Ä"
"¤µ¤²³ðµé¾Æ 6¿ù¸ðÀÇ ÀßºÁ¶ó  ±×¸®°í ¾çÁ¤¸¸¼¼"
"[1]"
"¼­¿ï ¸ñµ¿¿¡ 7³â¸¸¿¡ ÁÖ»óº¹ÇÕ ÃßÁø"
"[2]"
"ÀüÇÐ°¡°í ½ÍÀºµ¥ ¹æ¹ýÀÌ ¾ø´Ù.."
"[2]"
"³×ÀÌ¹ö À¥Å÷¿¡ Ãµ¸®¸¶¸¶Æ® º¸´Âµ¥"
"[2]"
"14´ÜÁö ¾È¿¡ ÀÕ´Â ¼¼ºìÀÏ·¹ºì ÆíÀÇÁ¡ ¾Æ´Â»ç¶÷"
"[6]"
"¾ç°¶ Áßµù Ä¿¸ó"
"[4]"
"¾çÁ¤ÀÎ¸¸ "
"[4]"
"ÇÑ°¡¶÷°í °è·û¹Ì"
"[7]"
"º¸´Ï±î ¾çÁ¤°í 1ÇÐ³âµéÀÌ Á» ¸¹Àº°¡º¸³ß"
"[1]"
"½Å¿ù5µ¿»ç´Â»ç¶÷?"
"ÇÑ°¡¶÷°í ¸¹ÀÌ ¹Ù²î¾ú³×"
"[3]"
"¾ß ·Îµ¥¿À ÀÎÅÍ¶óÄËÀÌ ssd¾´´Ù´Â°Ô ¸®¾ó?"
"¸ñµ¿¿ª±ÙÃ³ ·æÇÃ¶õÆ®Ä¡°úÀÖÀ½?"
"[4]"
"¾Æ... ³»ÀÎ»ýÀÌ¿©..."
"¿©±â¿¡ ÇÔºÎ·Î ±Û¾²Áö ¸»±æ."
"[1]"
"¤¸°°±â·Î´Â ¿ì¸® °­¼­°í°¡ ¤¸°°Áö"
"[1]"
"¿©±â ¾çÁ¤°í °¶??"
"[1]"
"±×¸®°í ¾çÁ¤°í ¸ð Áö¸®¼±»ý´Ô µð¾Æ3 ÀÎÆä¸£³ë ³­ÀÌµµ µé¾î°¡½Å°Å ¤º¤»¤º¤»¿ä"
"[4]"
"»ç½Ç µü ºÁµµ ¾çÁ¤°í 1ÇÐ³â 2¹Ý¾ÖµéÀº °øºÎ¶û °Å¸®°¡ ¸Ö¾îº¸ÀÓ¤»¤»"
"[5]"
"±Ùµ¥ °íµîÇÐ±³ ÀüÇÐ°¡·Á¸é ¾î¶±ÇÏÁö???"
"[2]"
"¾çÁ¤°í ¼±¹èÁß¿¡"
"[3]"
"¿©½É »ç·Î ÀâÀº Å°½ºÀåÀÎ ³²ÀÚ¹è¿ì´Â?"
"[µð½ÃìÑÅÍºä] BP¶ó´Ï¾Æ, ´Ù½Ã Start a Fire"
"¼ºÀûÇ¥ ³ª¿È"
"[2]"
"¾çÁ¤°í Á¶ÇÕ"
"[3]"
"¾çÁ¤°í Á¶¼º±â½Ü"
"[3]"
"ÇÑ°¡¶÷¿¡ ¸¶À»¹ö½ºÅ¸´Â °è·û¹Ì ´àÀº¾Ö ¾Æ´Â¾Ö ÀÖ³Ä???"
"[2]"
"¾ç°¶À» À§ÇØ"
"³²»öÁ¶³¢¿¡ È¸»ö¹ÙÁö ¾îµð°í ±³º¹ÀÎÁö ¾Æ´Â»ç¶÷"
"[13]"
"±×³ª¸¶ ¾Æ´Â ¼±»ýµé Áö±ØÈ÷ ÁÖ°üÀûÀ¸·Î Æò°¡ )Ãß°¡ÇÏ´Ù°¡ ³¯¶ó°¨ ¾¾¹æ.."
"[16]"
"14´ÜÁöÂÊ¿¡ ÅÂÇ³¼öÇÐ¾î¶¶?"
"[6]"
"¸ñµ¿¿¡ ³í¼ú Àß°¡¸£Ä¡´Â ÇÐ¿ø ¾Æ³Ä?"
"[5]"
"³ª ¾çÁ¤ 1ÇÐ³â 1¹ÝÀÎµ¥ ¿ì¸® ¿·¹Ý³ðµé ¤¸¤¤¶°µé´õ´Ï Àü±³²ÃÁö ¤»¤»¤»¤»¤»¤»"
"[5]"
"½Ã°¢Å×·¯ÇÏ´Â ½ÅÁ¤µ¿ ÁÖÅÃ°¡..."
"[5]"
"²ô¾ß¾ß¾ß¾ß¾ß¾ß¤Á¾ç"
"[6]"
"¾ÈÈñ¼º¾¾ °¶ÁúÇÏ½Ê´Ï±î"
"[1]"
"¸ñµ¿Áß´Ù´Ï´Â»õ³¢µé"
"[10]"
"¾ß ¸ñµ¿ Á©»ç¾çÂ¼´Â ÇÇ¹æÀÌ¾îµð³Ä"
"[8]"
"¸ñÀÏÁß ÇÐ»ýµéÀº µ¡±ÛÀ» ´Þ¾ÆÁÖ¼¼¿ä."
"[12]"
"¿©±â°¡ ¾çÃµ±¸°¶ÀÎ ¾ç°¶ÀÎ°¡¿ä?"
"[3]"
"¾ç°¶·¯µéÁß¿¡"
"[2]"
"ÀúÇÑÅ× °ú¿Ü¹ÞÀ¸½ÇºÐ ¾ø³ª¿ä¤Ð¤Ð"
"[8]"
"´Ôµé ¼­°­´ë ¾î¶§¿ä?¤¾"
"[4]"
"¹é¾Ï°í 4´ë Ãµ¿Õ..."
"[7]"
"¿À´Ã ÆÄ¶ó°ï ¿·¿¡ Å¸ÄÚ¾ßÅ° ÆÄ³Ä"
"[2]"
"4¿ù ¸ðÀÇ¼ºÀûÇ¥ º¸´Ï ¾ð¼ö¿Ü 987 ¶°¼­ Àý¸Á"
"[3]"
"¾Æ¿À ¼öÇÐ¿îÁö"
"[4]"
"°¶Å»ÇÑ´Ù È¤½Ã ¹Ý¼ö n¼öÇÏ´Â»ç¶÷µé"
"[2]"
"¾çÁ¤°í ´Ù´Ï´Â ´Ñ°£µé Á» µµ¿ÍÁà;"
"[11]"
"¿©±äžÍÄÉ±Û¸®Á¨ÀÌ¾ÈµÅ³Ä?"
"[1]"
"¾¾¹ß¤»¤»¤»¤»"
"[2]"
"°¶¿¡°¡²û´«ÆÃÇÏ·¯¿À´Âµ¥"
"[1]"
"¿ª½Ã "
"[1]"
"¿©½É »ç·Î ÀâÀº Å°½ºÀåÀÎ ³²ÀÚ¹è¿ì´Â?"
"[µð½ÃìÑÅÍºä] BP¶ó´Ï¾Æ, ´Ù½Ã Start a Fire"
"Àü¼³ÀÇ ½Å¸ñ°í!"
"[4]"
"¾Æ °íµù µÇ°í Ã¹½ÃÇè"
"[4]"
"½Å¸ñÀÎ ¤¸¤µ¤¸¤µ"
"dsfdf"
"¾ç°¶¿¡ÁßµùÀÕ³ª"
"[8]"
"ÀÏÁÖÀÏ¿¡ µÎ¹øÀÌ»ó ¿©±â¿À´Â»õ³¢"
"[3]"
"ÇãÇê ¾çÃµ°í¼¼·Âµé ´Ùµé ¾îµð°¬³ª"
"[3]"
"¾çÁ¤ 3ÇÐ³â 13¹Ý ¾ø³Ä"
"[1]"
"¤»"
"[2]"
"½Å¼­°í1ÇÐ³âÀÎµ¥"
"[6]"
"½Å¿ù6µ¿Àº ¾î¶² µ¿³×ÀÓ¹Ì±î?"
"[2]"
"ÀÌ½Ã2¹ß ¾ç°¶ °íµù  à³ª¸¹³× ¤»"
"[2]"
"ÀÌ·±°Å º¸¸é ¿îÁöÇÏ°í ½Í´Ù"
"[4]"
"¾ç°¶ °íµùµéÀº ÇÑ¹ø¾¿ ÀÐ¾îºÃÀ¸¸éÇÔ"
"[9]"
"¾Æ³ª ¤µ¤²¤»¤»¤»¤»¤»¤»¤»"
"[4]"
"¾ç°ÔÀÌ´Ôµé °­¿ùÃÊ±³ÀÔ±¸»ç°Å¸®¿¡ »ç¶÷¸¹À½??? ±×ÂÊÆíÀÇÁ¡ ¾Ë¹ÙÇÒ±îÇÏ´Âµ­"
"[2]"
"¾ç°¶´Ôµé>_<"
"¾çÁ¤°íµîÇÐ±³ 3ÇÐ³â4¹Ý ¸¸¼¼!!!!!!!!!!!!!!!!!!!!!!!!!"
"[5]"
"¾ç°¶´Ôµé ¤¾¤·"
"[2]"
"¾ó¸®¹öµå ±â»ó~!!"
"¿©±â ¾çÁ¤ &ÇÑ°¡¶÷ºÐµé"
"¿À´Ã¼ö´ÉÀÌ¸çÄ¥³²Àº³¯ÀÌ³Ä¸é.."
"[1]"
"¹é¾Ï°í1ÇÐ³âµé¾Æ"
"[4]"
"»ç¶÷ÀÌ °æÇèÀ» ¸¹ÀÌ ÇØº¸´Â°Ô Áß¿äÇÏ´Ù"
"[2]"
"¾ç°¶·¯µé ÀÚÀü°Å³ª Å¸ÁÒ"
"[1]"
"¾çÃµ±¸ °æÀüÃ¶ ¾ðÁ¦»ý±æ±î"
"[1]"
"¾ó¸®¹öµå ±â»ó!"
"¿¹Àü¿¡ ¹é¾Ï°í ´Ù´Ñ´Ù°íÇß´ø 'À¯µ¿' ÀÖ³Ä??"
"[7]"
"½ÅÁ¤µ¿ »ç´Â °¶·¯µé! ¹ý¹«ºÎ¿¡¼­ Á¾ÀÌ ³¯·Á¿Â°Å ºÃ¾î?"
"[6]"
"¾ß °­¼­°í ´Ù´Ï´Â »õ³¢µé¾Æ ¾ÈÈñ¼º±îÁö¸¶¶ó"
"[3]"
"¿©½É »ç·Î ÀâÀº Å°½ºÀåÀÎ ³²ÀÚ¹è¿ì´Â?"
"[µð½ÃìÑÅÍºä] BP¶ó´Ï¾Æ, ´Ù½Ã Start a Fire"
"¿Ã ÇÑÇØ Á¶¿ëÈ÷... ´õµµ¸»°í ´úµµ¸»°í... ±×Àú Á¶¿ëÈ÷ Áö³ª°¬À¸¸é..."
"ÇæÇæ"
"[5]"
"ÀÚÀü°Å Å¸´ÂºÐ ÀÖ³ª¿ä?"
"[2]"
"¹é¾Ï¿¡"
"¾ç°¶¿¡"
"¹é¾Ï1ÇÐ³â"
"[1]"
"¼­¿ï·£µå"
"[2]"
"¾çÁ¤Áß¿¡ ±âÁý¾Ö°°ÀÌ "
"[3]"
"¾çÁ¤Çü´Ôµé"
"[1]"
"±æÁ¤¿ì ´ç¼±µÆ³×"
"¾ß!! ¾çÃµ±¸ ¿Ö ÀÌ·¯³Ä"
"[2]"
"¾çÃµ°©Àº ¹ÚºùÀÌ³×.."
"¾çÃµ±¸´Â  °©À» ´Ù »õ´©¸®´çÀÌ³×"
"[1]"
"±æÁ¤¿ì µÉ¶ó³ª"
"[1]"
"±Ùµ¥ ¾ç°¶¿¡µµ"
"[3]"
"Àú ³Ð°í °ÅÄ¥Àº ¼¼»ó ³¡ ¹Ù´Ù·Î °¥°Å¶ó°í"
"[2]"
"¾çÃµ°í ´Ù´Ò¸¸ÇÏ³Ä ÈÄ¹è³à¼®µé¾Æ"
"[1]"
"ÅÂÇö¼®ÀÌ¶ó´Â ÇÐ»ý¾Æ½Ê´Ï±î?"
"[6]"
"ÃÑ¼±¶§ ÅõÇ¥´Â ÇØ¾ßµÉÅÙµ¥"
"[7]"
"¾çÃµ±¸ »ç´Â Çü´Ôµé ¹¹ Á» ¹°¾îº¾½Ã´Ù"
"[3]"
"½à ¿ì¸®¹Ý ¿¹Ã¼´É¹ÝÀÌ¾ú³×"
"½Å¼­°í ¾ßÀÚ½Ç 12ÇÐ³â Æò±Õ Âü°¡À²ÀÌ"
"[2]"
"¹é¾ÏÀÌ ¹ÌÃÆ±¸³ª!! "
"[4]"
"Å»°¶ÇÕ´Ï´Ù. "
"¹é¾Ï°í °ÔÀÌµé¾Æ ³Ê³× ¿ø¾î¹Î ÀÖÀ½?"
"[4]"
"½Å¼­°í °ÔÀÌµé¾Æ ³Ê³× ¿ø¾î¹Î ÀÖ³Ä"
"[2]"
"½ÅÁ¤µ¿´ººñÀÚ½Ä ¸î¹ÝÀÌ³Ä"
"[1]"
"³ª ¾çÃµ°í ´Ù†Ç´ø »ç¶÷ÀÎµ¥ "
"¾ç°¶Àº"
"[1]"
"½Å¼­°í¿¡ ¹¹ »ç°Ç¾øÀ½?"
"[4]"
"¿©½É »ç·Î ÀâÀº Å°½ºÀåÀÎ ³²ÀÚ¹è¿ì´Â?"
"[µð½ÃìÑÅÍºä] BP¶ó´Ï¾Æ, ´Ù½Ã Start a Fire"
"¾ç°¶¿¡ ÁÖ°Í½¿¹Ì´Ù"
"¸ñµ¿ 10´ÜÁöÂÊ¿¡ ±¦ÂúÀº Çï½ºÀå ÃßÃµÁ¡.."
"[1]"
"¸¸¿ìÀý"
"[11]"
"¸¸¿ìÀý"
"Áö±Ý µÇµ¹¾Æº¸¸é ¾Ö¸ÅÇÑ ÀÎ¹®°í°¡´Â°Íº¸´Ù Àü¹®°í°¡´Â°Ô ´ëÀÔ¿¡ À¯¸®ÇßÀ»°Å¶ó´Â"
"[2]"
"¾Æ"
"[1]"
"¾çµµ ¿äÁò ¾î¶§?"
"[4]"
"¾çÁ¤ ´Ù´Ï´Âµ¥ ¿ï¹Ý ´ãÀÓ Á¿°°À½ "
"[8]"
"3´ÜÁö µ¶¼­½Ç ¾Æ´Â °¶·¯ ¾÷À½?"
"´ë¾çÁ¤ °ÔÀÌµé ¾ø³Ä"
"[3]"
"ÇÑ°¡¶÷"
"[5]"
"¿À´Ã Ãµ¿ÕÁ¦ÆÐ[¾çÁ¤°í] ¶û ¸¸³ª°í¿È ¤·¤·"
"[4]"
"°í3Àº Ã¥ °ü¸® ÀßÇÏÀÚ..¤»"
"[5]"
"2012.4¿ù ºÎµ¿»ê ¾ÆÆÄÆ® Æò±Õ Æò´ç°¡ ¹èÄ¡Ç¥(¸ñµ¿,¾çÃµ±¸ Æ÷ÇÔ)"
"[2]"
"°­¼­°í ±³»çµé ¿ù±Þ Æò±ÕÀâ¾Æµµ 500ÀÌ³×"
"[6]"
"¿©±â ¹é¾ÏŸÁ³ª?"
"[2]"
"¸ñµ¿»ç°Å¸®±ÙÃ³ 1ÀÎ½Ç ÀÖ´Â µ¶¼­½Ç ¾Æ´ÂºÐ?"
"¿µµµÁß/°­¼­°í ÀÖ³ª"
"[2]"
"¹é¾Ï¿¡¼­ ¼úÀ» ¸Ô¾ú´Ù´Â°Ô ¹º¼Ò¸®?"
"[3]"
"°­¼­°ÔÀÌµé¾Æ °­¼­±³°¨ÀÌ ±³Àå ¾ÆµéÀÓ?"
"[5]"
"¾çÃµ½Å¹®,¾çÃµÅõµ¥ÀÌµî º¸¸é.."
"ÀÌÅÂ¿Ïº»¾îÇÐ¿ø °µÃáÇÏ³ª¿©?"
"¾ç°¶À» »ì¸®ÀÚ"
"¸®´ºÇÐ¿ø"
"¸ñµ¿»ç´Â»ç¶÷µéÀÇ ¸¶ÀÎµå.jpg"
"[6]"
"¾çÃµµµ¼­°üÀÎµ¥ °°ÀÌ ¹ä¸ÔÀ»»ç¶÷!!"
"¾Öµé¾Æ °¨±âÁ¶½ÉÇØ¶ó ¿ä»õ °¨±â°¡ À¯ÇàÀÌ¶ó´õ¶ó;;"
"[1]"
"À¯µ¿´Ð´Ô?"
"±æÁ¤¿ì ÈÄº¸ »ç¹«½Ç ´ë·Îº¯1Ãþ¿¡ ÅëÀ¯¸®·Î µÇ¾îÀÖ´øµ¥"
"[1]"
"³ªµµ ½Å¸ñ³ª¿Ô´Âµ¥ Á¿³ª ¾²·¹±âÀÓ"
"[2]"
"¿©½É »ç·Î ÀâÀº Å°½ºÀåÀÎ ³²ÀÚ¹è¿ì´Â?"
"[µð½ÃìÑÅÍºä] BP¶ó´Ï¾Æ, ´Ù½Ã Start a Fire"
"³ª ¹é¾Ï°íµÞ¹®±ÙÃ³¿¡ µÎ¶õ³ëµ¶¼­½Ç¿¡¼­ °øºÎÇÏ·¯´Ù´Ñ´Ù"
"[1]"
"Áö±Ý±îÁö ¸Ô¾îº» ¾çµµ ½Ä´ç À½½Ä Æò°¡"
"[3]"
"µåµð¾î ¾çÃµ µµ¼­°ü ¿ÍÀÌÆÄÀÌ µÇ´Â ¸í´ç ÀÚ¸® Ã£À½"
"[2]"
"½Å¸ñÁßÀº ÁøÂ¥ ¾²·¹±â´Ù"
"[5]"
"ÇÐ±³ ¿î¿µÈ¸ºñ ¾îµû°¡¾¸"
"[2]"
"ÄOµé ¿À¸ñ±³¿¡ µ¶¼­½Ç ¾÷½¿?"
"°­¼­°í Á¹¾÷»ýÀº ¾ø³Ä? °íµîÇÐ»ýÀÌ³× ´Ùµé"
"[1]"
"½ÅÁ¤µ¿ ´ººñ 1ÇÐ³â3¹Ý?"
"[1]"
"Ãã¿¬½ÀÇÒ ¿¬½À½Ç"
"[3]"
"½ÅÁ¤µ¿´ººñ"
"[1]"
"¾îÀÌ¿©~¿ÀÇì¾î? °Å±â ¸Ó¸® ÄÆÇÏ´Âµ¥ ¾ó¸¶??"
"'Ãµ¿ÕÁ¦ÆÐ'? ³Ê´Ô 5¹Ý°¡¸é º¼¼ö ÀÖ´Â°Ç°¡¿ä"
"[2]"
"¿À¸ñ±³Ã¨¹ö3ÇÇ¾¾¹æ"
"¾çÃµ,°­¼­ °íµîÇÐ±³ ¼­¿ï´ë ÀÔ°¶¼øÀ§"
"[9]"
"ÇÑ°¡¶÷ ÆíÀÔ ÇÒ±î ¸»±î"
"[3]"
"ÄOµé ´ëÇÐÁø·Î ¹ÌÄ¡°ÚÀ½"
"[4]"
"ÀÚÀü°Å Å» »ç¶÷?"
"[1]"
"¾çÁ¤°í 1ÇÐ³â »õ³»±âºÐµéÁß¿¡¼­ µ¿¾Æ¸® ¾ÆÁ÷ ¸øÁ¤ÇÏ½ÅºÐµéÀ» À§ÇÑ Á¶¾ðÀÔ´Ï´Ù"
"[5]"
"°­¼­°íµé¾Æ "
"[9]"
"È¤½Ã ÆíÀÔÀÌ³ª, ÃÊÁß°íµù ¼öÇÐ°ú¿Ü ÇÏ½ÇºÐ °è½Å°¡¿ä~"
"[4]"
"°­¼­°í ÄOµé³ªÀÖÀÚ³ª"
"[6]"
"Ä£¾ÖÇÏ´Â ¾ç°¶·¯µéÀº º¾´Ï´Ù."
"[1]"
"ÁøÂ¥ ÀÌ°Ç¸Ó ¹Ý¼ö´Â ÇÒ¸¸ÇÑ°Ô¾Æ´Ï´Ù ÁøÂ¥"
"[2]"
"¾çÁ¤°í ½ÅÀÔ»ý,ÀçÇÐ»ý ¿©·¯ºÐ ±âµ¶±³¹Ý µ¿¾Æ¸® ¿À¼¼¿ä.±×³É ºÀ»ç¹ÝÀÔ´Ï´Ù ¤¾"
"¾çÃµ°í¾Öµé ¸î¹ÝÀÓ?"
"[4]"
"¾çÁ¤µ¿¾Æ¸®"
"[6]"
"Àú¹ø¿¡ ¾çÁ¤, °­¼­ ÃßÃµÇØ´Þ¶ó°í ÇÑ »ç¶÷ÀÎµ¥......"
"[3]"
"»õ³¢ Áß±¹ÀÎ"
"[2]"
"ÁßÇÐ»ýµå¶ó Á¦¹ß °­¼­°í´Â ¿ÀÁö¸¶¶ó"
"[1]"
"¾çÃµ°í ÈÄ¹è¾Æ°¡µé¾Æ 3¿ù¸ðÆò Àßµé Ä¡·ð³Ä????????????"
"[5]"
"¿©½É »ç·Î ÀâÀº Å°½ºÀåÀÎ ³²ÀÚ¹è¿ì´Â?"
"[µð½ÃìÑÅÍºä] BP¶ó´Ï¾Æ, ´Ù½Ã Start a Fire"
"±âµ¶±³¹êµåÁÁ³Ä?"
"[2]"
"Å×´Ï½º³ª Ä¥±î"
"[2]"
"ÇÐ±³ºÎ½É¿ÜÄ¡´Â »õ³¢µé ºÁ¶ó"
"[3]"
"¿©ÀÚ´Â °¥¸¸ÇÑ °íµîÇÐ±³ ¾ø³ª¤»¤»"
"[1]"
"Çüµé Á¦°¡ Áß3ÀÎµ¥ ¿ÃÇØ ¾çÁ¤ÀÌ³ª °­¼­Áß¿¡ ÃßÃµÁ» ÇØÁÖ¼¼¿ä!!!!!!!!"
"[5]"
"½Å¸ñÁß CA..."
"[3]"
"±Û»èÇÔ"
"[1]"
"¤»¤»¤»¤»¤»"
"¤¸°°Àº ÇÐ±³ºÎ½É!"
"[2]"
"°­¼­ ¾çÃµÀÇ ¸í¹®ÇÐ±³´Â ¹¹´Ï¹¹´ÏÇØµµ ´ëÀÏ°íÀÔ´Ï´Ù."
"[9]"
"¾çÃµ°í ¼³´ë 6¸íÀÌ¸é Á¸³ª Àß º¸³½ °Å ¸Â´Âµ¥"
"[2]"
"±×·¡µµ ¾çÃµ±¸¿¡¼± ¾çÁ¤°íÁö.."
"[2]"
"¾çÃµ±¸ ÇÐ±³°© Á¤ÇÏÀÚ"
"[7]"
"°­¼­µµ ¼­¿ï´ë Çö¿ª 6¸í ¸øº¸³»Áö¾Ê³ª?"
"[3]"
"¾çÃµ°íµ¿¾Æ¸® ÃßÃµÇØÁÜ ¤¡¤¡"
"½ÅÁ¤1µ¿ ÁÖ¹Î¼¾ÅÍ³ª ¼¾Æ®·²ÇÁ¶óÀÚ ±ÙÃ³ »çÁø°ü ÃßÃµÁ»"
"¤»¤»¤»¤»¤»¤»¤»¾çÃµ°í ¼­¿ï´ë6¸í Çö¿ªÀÌ´Ù º´½Åµé¾Æ ´Ù ¼ö½Ã·Îµé°¨"
"[5]"
"¿À¸ñ±³ÁÖº¯ ±³Á¤ÀßÇÏ´Â Ä¡°úÁ»¿©"
"[3]"
"°­¼­´Â Áø¸í¿©°í³ª ±×·±µ¥¶û Ä£¸ñÁúÁ» ¾ÈÇÏ³ª"
"[10]"
"ÈçÈ÷µé ¹é¾Ï ¾çÃµ ±Ý¿ÁÀ» ¾²·¹±â¶ó°í ÇÏ´Â ÀÌÀ¯.txt"
"[6]"
"±Ùµ¥ ½Å¼­°í´Â ¿Ö ¾ÈÀ¯¸íÇÔ??"
"[16]"
"2´ÜÁö»ç´Âµ¥ ¹è´ÞÁß±¹Áý ¸À³­°÷ ¾ø³Ä?"
"°­¼­ µ¶¼­½Ç¿¡ µé¾î¾ß ÀÎ¼­¿ïÇÏ³ª? "
"[3]"
"°­¼­°í ¤²¤µÀÎ°Ô"
"[7]"
"°­¼­°¡ ´ëÇÐ ¸¹ÀÌº¸³½´Ù°í Âø°¢ÇÏ´Âµ¥"
"[2]"
"5´ÜÁö »ç°í³µ´Ù´Â°Ô Æ®·ç?"
"[3]"
"¾çÃµ±¸¿¡ µÎ¹ßÀÚÀ¯ °íµîÇÐ±³ ¾îµð¾îµðÀÓ"
"[2]"
"°­¼­°í ¹ÝÀåÀº ¾Ë¾ÆÁØ´Ù´Â°Ô Æ®·ç?"
"[5]"
"¹é¾Ï°ü ¾ÈÂ©¸®·Á¸é ¾ßÀÚ ¾ó¸¶³ª ³ª°¡¾ßµÇ¿ä??"
"[3]"
"¹é¾Ï Á¸³ª ÈÄÁøµ¥ ¾Æ´Ñ°¡?"
"[3]"
"¿©½É »ç·Î ÀâÀº Å°½ºÀåÀÎ ³²ÀÚ¹è¿ì´Â?"
"[µð½ÃìÑÅÍºä] BP¶ó´Ï¾Æ, ´Ù½Ã Start a Fire"
"¿Ã ¹é¾Ï°í¿¡ ¾ÆÀÌµ¹ÀÖÀ½"
"[3]"
"Ä¸Çü¼± Çü´Ô"
"[2]"
"¾çÁ¤°í3 ¹ÚÀ±±Ù"
"[3]"
"¾çÃµ°í"
"[3]"
"°­¼­´Â Á¿°°Àº°Ô"
"[2]"
"ÇÏÀÌÅ×Å© °¡°Ý"
"[2]"
"¾ßµé¾Æ °­¼­°í ¼ö¾÷¿ßÄÉ Á¿°°³Ä"
"[11]"
"¾çÁ¤"
"[1]"
"´Ù¾çÃµ°í¿©?"
"¹é¾Ï°í ¹êµåºÎ ´Ù ¿©ÀÚÀÓ? ³²ÀÚ¾ø³ª"
"[1]"
"¹é¾Ï»ç¶÷µé"
"[5]"
"³»ÀÏ ´ëÇÐ±³ °³°­ ½Ã»a¤»¤»¤»¤»¤»¤»¤»¤»¤»¤»¤»¤»¤»¤»¤»¤»¤»¤»¤»¤»"
"[2]"
"½Å¼­°í º´½ÅÀÓ?"
"[2]"
"¹é¾Ï°í ´Ù´Ï´ÂÇüµé ²ÀºÁ.ask"
"[2]"
"¹é¾ÏµÈ¾Øµ¥"
"[6]"
"¸ñ2.3.4.µ¿¿¡ Á» ½Î°í ±¦ÂúÀº µ¶¼­½Ç ¾ø³ª??"
"[2]"
"³ª ¹Þ¾ÆÁÖ´Â ÇÐ¿øÀÌ¾øÀ½ "
"[2]"
"8¿ù´Þ¿¡³ªÇÑÅ× ¸ÅÁ¡»§+À½·á¼ö ¾ò¾î¸Ô°í½ÍÀ¸¸é Ä«Åå¾ÆÀÌµð³²°Ü¶ó<¾çÃµ°íÀçÇÐ»ý¸¸"
"[15]"
"´Ôµé ¸ñµ¿¿ª ÁÖº¯¿¡ µ¶¼­½Ç ÃßÃµ ÇØÁÖ¼¼¿ä!!!"
"[1]"
"¿ÃÇØ¾çÃµ°í °¥‹š´Â ¿°»ö ¾ÈÇÏ°í °¡¾ßÁö ½Ã¹æ..."
"[1]"
"½Ã¹æ ´Ù ¾çÃµ°í¿© ½Å¼­°í´Â ¿ó´Ï´Ù"
"[5]"
"¿ÃÇØ 8¿ù´Þ 11¿ù´Þ¿¡ ¸ð±³ÀÎ ¾çÃµ°í¸¦ ¹æ¹®ÇÏ°ÔµÉ¿¹Á¤"
"[4]"
"¾Æ¿Ë"
"¹é¾Ï ½ÅÀÔ»ý ÀÖ³Ä;; ³»ÀÏ ÇÐ±³ ¸î½Ã±îÁö °¡³Ä"
"[6]"
"ÀÌÁ¦ÇÐ¾¾ ±è¼ö¿µ¾¾ º¸°íÀÖ³ª?"
"[3]"
"¾ç°¶»õº®¹Ý"
"¾ß Àü±¸Ã»Àå ÀÌ¸ð¾¾ ¾Æµé¿¡ ´ëÇÑ ºñ¸® ±î¹ß¸®¸é °í¼Ò¹Ì¸Ô³Ä?"
"[5]"
"¿©±â"
"½Å¿ùµ¿ ¹þ¾î³ª±â Èûµå³×"
"¹éÈ­Á¡°¡·Á°í ³²ÀÇ¾ÆÆÄÆ®¾Õ¿¡ Â÷ ´ë³õ´Â »ûÅ°µé"
"[2]"
"¿©½É »ç·Î ÀâÀº Å°½ºÀåÀÎ ³²ÀÚ¹è¿ì´Â?"
"[µð½ÃìÑÅÍºä] BP¶ó´Ï¾Æ, ´Ù½Ã Start a Fire"
"Çüµé ½ÅÁ¤³×°Å¸®¿ª ¼úÁý ÃßÃµÁ»ÇØÁÖ¼¼¿ä ¤Ð(Á¶°øêó)"
"[3]"
"¾çÁ¤¼±¹è´Ôµµ¿ÍÁÖ»ï;;;"
"[4]"
"¸ñµ¿»ç´Âµ¥ °ø°í°¨"
"[4]"
"¾î´ÀÇÐ±³µç ¾ç°¶ °íµîÇÐ»ýµé ¿­½ÉÈ÷°øºÎÇØ¼­ ´ëÇÐ Àß°¡¶ó"
"[1]"
"°­¼­°íµîÇÐ±³ ±³°¡ÀÔ´Ï´Ù."
"[4]"
"¾çÁ¤ ÀÚ»ç°í 1±â ¾Öµé °øºÎ ÀßÇÏ³Ä?"
"[1]"
"°íµîÇÐ±³"
"[2]"
"¾È³çÇÏ¼¼¿©"
"[5]"
"³ª...¾çÃµ°í3ÇÐ³âÀÎµ¥ Áö±ÝÀÏ¾î³²"
"[1]"
"¼ÖÁ÷È÷ ÀÚÀ²°í ¿Ö°¡³Ä?"
"[17]"
"Á¦°¡ ÀÌ·±¸» ÇÒ ÀÚ°ÝÀº ¾ø´Âµ¥"
"[6]"
"¿À·£¸¸¿¡ ¾ç°¶"
"[4]"
"¾çÁ¤°í ÇÑ°¡¶÷"
"[2]"
"½Å¿ùµ¿ÀÌ ±×·¸°Ô ¾ÈÁÁÀ½?"
"[8]"
"±Ùµ¥ ¾ç°¶¿¡ ¾çÃµ°í¾Öµé ¸¹³×"
"[2]"
"»õº®¹Ý"
"[6]"
"¸ñµ¿¿¡¼­ ³ë·¡¹æ°©Àº"
"[11]"
"¾çÃµ°í ³ðµé¾Æ ¸î¹Ý"
"[4]"
"°­¼­°í ¾öÃ»ÁÁ¾ÆÁ³´Ù"
"[1]"
"¿äÁò°¶ÀÌ ¿ßÄÉ ¾Èµ¹¾Æ°¡;;"
"¿ì¿Í ¾ç°¶.."
"[1]"
"°íµîÇÐ±³..°øºÎ..¤»¤»"
"[4]"
"¾ç°¶ÀÚ³Ä?"
"¾Æ °­¼­³ðµé"
"[2]"
"¿À´Ã ¾çÃµ°í°¡´Ï 3ÇÐ³â ¹Ý ¹èÁ¤¹Þ¾Ò´Ù"
"¾çÃµ°í 3ÇÐ³â ¹Ý ¹èÁ¤¹Þ¾Ò´Ù"
"2È£¼± ½ÅÁ¤Áö¼± ±îÄ¡»ê-È­°î½ÃÀå-°­¼­±¸Ã»-°¡¾ç-»ó¾Ï-DMC±îÁö ¿¬ÀåÃßÁø"
"[1]"
"7´ÜÁö ÀÎÅÍ³Ý Á» ¹°¾îº¸ÀÚ"
"[1]"
"¾ç°¶ Á¢¼ÓÇÑ »ç¶÷¾ø³Ä?"
"³ªµµ °­¼­°í¾ß "
"[7]"
"¿©½É »ç·Î ÀâÀº Å°½ºÀåÀÎ ³²ÀÚ¹è¿ì´Â?"
"[µð½ÃìÑÅÍºä] BP¶ó´Ï¾Æ, ´Ù½Ã Start a Fire"
"°­¼­°í Å×½ºÆ® ÈÄ±â .txt"
"[2]"
"¾çÃµ°í ³»½Å ¾î¶§?"
"¾çÁ¤±³º¹"
"[3]"
"¹º ¾çÃµ°í°¡ ÀÌ¸® ¸¹À½??"
"[1]"
"Áßµùµé¾Æ °íµîÇÐ±³ ¼±ÅÃ ²ÜÁ¶¾ðÇØÁØ´Ù ºÁ¶ó"
"[6]"
"³ª ÀÛ³â¿¡ Á¹¾÷ÇÑ ¾çÃµ°íÃâ½ÅÀÎµ¥ ¾çÃµ°í ºÙÀº¾Öµé¿¡°Ô"
"[5]"
"´Ôµé¾Æ ²ôÀû²ôÀûÀÕÀÚ³ªŸD¤»"
"[3]"
"¾çÃµ°í ¹èÄ¡°í»ç Áö,¶ö°°ÀÌºÁµµ Áöµé¸¾´ë·Î¹èÁ¤ÇÏ´Ï±î"
"[3]"
"³ª º®»ê»ç´Âµ¥ ¿Ö Áý¾Õ ¹é¾Ï³öµÎ°í ¾çÃµ°É·È´ÂÁö ¾Ë¼ö°¡¾ø¾ú´Ù"
"[1]"
"¾çÃµ°í´Ôµé ÀÓ½Ã¹Ý ¸î¹ÝÀÌ½É?"
"[6]"
"¾È³çÇÏ¼¼¿© ¹è°¨ÀÌ¿¡¿©"
"[1]"
"¾çÃµ ¹Ý¹èÄ¡ ´Ùµé ÀßºÁ¶ó ¤»"
"[3]"
"¾çÃµ°í¿¡ ¾ç¾ÆÄ¡ ¸¹³ª¿ä?"
"[6]"
"Çüµé ³»ÀÏ ¾çÃµ¹Ý¹èÄ¡°í»çº¸´Âµ¥ °øºÎÇØ¾ßµÇ´ÂºÎºÐÀÓ?"
"[3]"
"¼¾Æ®¶ö ÀÚ»ìÇÑ³ð ºÃ³Ä ³Ê³×"
"[5]"
"¿ÃÇØ ¾çÁ¤ ¿À´Â »õ³¢µé ºÁ¶ó"
"[4]"
"Å»°¶"
"[2]"
"³ª µð½Ã¾îÇÃ´Ù¿î¹Þ¾Ñ´Ù ¿Í³»ÀÏ¶Ç°³°í»ý¹é¾Ï"
"[15]"
"¸ñµ¿¿¡ ÀÖ´Â ¼öÁ¦¹ö°ÅÁýÁ» ÃßÃµÇØÁà"
"[3]"
"¾ç°¶ »õº®¹ÝÀÖ³Ä¤»¤»"
"[2]"
"¿äÁò ¾çÃµ±¸ ¿ÖÀÌ·¸°Ô ÈïÇÏ³Ä?"
"[4]"
"´¾_´¾"
"[2]"
"ÀÌ·¸°Ô µÈ ÀÌ»ó"
"[14]"
"¹é¾Ï³âµé¾Æ¸î¹ÝÀÌ³Ä"
"[11]"
"¾Æ Àá Á¸³ª ¾È¿Â´Ù"
"¿©±â ¹«¼·´Ù"
"[6]"
"½ÅÁ¤µ¿´ººñ¾ß"
"[9]"
"¾Æ ÆRÇü Àú ´Ð¹Ù²¯¾î¿©¤¾"
"[3]"
"¿Ö µ¡±Ûº¸ÀÌ´Â°ÔÀÖ°í ¾Æ´Ñ°ÔÀÖ³Ä"
"[28]"
"ÁöÇâÃÊ³ª¿Â»ç¶÷"
"[5]"
"¿©½É »ç·Î ÀâÀº Å°½ºÀåÀÎ ³²ÀÚ¹è¿ì´Â?"
"[µð½ÃìÑÅÍºä] BP¶ó´Ï¾Æ, ´Ù½Ã Start a Fire"
"¾çÁ¤ÀÎÀº¿ÖÄÉ¾÷¼û?"
"[6]"
"¾Æ ½Ã“W"
"[3]"
"¾ç°¶¿¡¼­ °­¼­ÀÎÀº"
"[40]"
"³¾¹é¾Ï°¡³×"
"[32]"
"°­¼­±¸°¡ ¸ñµ¿ ¹Ù¸¦²¨°°³Ä??"
"[5]"
" È¤½Ã °ú¿ÜÇÒ ÄOµé ¾ø¾î?"
"¹é¾ÏµÈÀ¯µ¿³âÀÖ³Ä"
"[8]"
"¸ñµ¿ÀÌ³ª ½ÅÁ¤µ¿ ÂÊ¿¡ ÁÁ°Å³ª Àß¶Ô¸®´Â ¸ðÅÚ"
"ÈÆÅ³·¯ ¿À¶ó¸Þ"
"¾çÃµ°í ½ÅÀÔ»ýÀÎµ¥¿¹ ¹°¾î º¸°í ½ÃÇÂ°Å ÀÕ»ï"
"[1]"
"³»°¡Á¦ÀÏÀß³ª°¡"
"[3]"
"³ë¶õ»ö³ØÅ¸ÀÌ ¾îµðÇÐ±³? "
"[1]"
"±¤¿µ°íµµÀÖ´Ù"
"[2]"
"¾ß ±×¹é¾ÏµÈÀ¯µ¿³â¾Æ"
"[49]"
"½Å¼­°í¿¡"
"[1]"
"¿ÍÁøÂ¥"
"[3]"
"¾çÁ¤µ¿¾Æ¸®"
"[3]"
"¾çÁ¤ot°«´Ù¿È"
"[14]"
"¿À¸ñ±³ ÁÖº¯¿¡ ²ÉÁý ¾Æ´ÂºÐ~~~"
"[2]"
"ÄOµé ³ª ÇÑ±¹¿Ô¾î. ÄÉÄÉ. ¸ñ1µ¿ ÁÖº¯ Á© Â¯Â¯ÇÑ ÇÇ¾¾¹æÀÌ¾îµð?!?!"
"[3]"
"¿³°°´Ù"
"[13]"
"½Å¼­°í¾î¶§¿ä?"
"[16]"
"¾çÃµ±¸, °­¼­±¸ÀÇ ÇÐ±³ ÃßÃµÇØÁÖ¼¼¿ä!"
"[10]"
"¹é¾Ï°íÀÇ °ú°Å.."
"[5]"
"±Ý¿ÁÀÌ ±×·¸°Ô ¾²·¹±âÀÓ ¤Ñ¤Ñ?"
"[6]"
"¾Æ¶Ë¸Å·Á"
"[11]"
"³ª¿©ÀÚ ¹é¾ÏµÌÀ½"
"[2]"
"ÄOµé ½ºÆÔ¹®ÀÚ¤»¤»¤»¤¢¤»"
"¾ß 3³âÀüÂë ¿À¸ñ±³¿¡ »¡°­¸Ó¸®¾ØÀÌ¶ó´Â Çì¾î¼¥ ¾Æ´Â »ç¶÷??"
"¹é¾Ï°í(¾çÃµ±¸) VS ÇÑ¼­°í(°­¼­±¸) VS °øÇ×°í(°­¼­±¸)"
"[2]"
"¿©½É »ç·Î ÀâÀº Å°½ºÀåÀÎ ³²ÀÚ¹è¿ì´Â?"
"[µð½ÃìÑÅÍºä] BP¶ó´Ï¾Æ, ´Ù½Ã Start a Fire"
"¾çÃµ±¸ Áö±¸ÃÌ±³È¸ or ¼¾Æ®·²ÇÁ¶óÀÚÂÊ ¸ÀÁýÃßÃµ"
"[4]"
"¹é¾Ï°íµîÇÐ±³(¾çÃµ±¸) VS ÇÑ¼­°íµîÇÐ±³(°­¼­±¸)"
"[7]"
"¾çÁ¤°íÇüµéÁú¹®¿©"
"[11]"
"ÀÌ°Å ²ÙÁØ±ÛÇÒ°ÅÀÓ"
"[2]"
"°­¼­°í ÄOµé"
"[3]"
"ÀÌ¹ø¿¡ °í2µÇ´Â ¿©ÀÚ ¹é¾ÏÀ¸·Î ÀüÇÐ°¡´Âµ¥¿ä... ¤Ð¤Ð¤Ð¤Ð¤Ð"
"[6]"
"Áø¸íµÆ´Âµ¥"
"[2]"
"¾çÁ¤°í»õ³¢µé ¾çºÎ½ÉÂÀ ¤»¤»¤»¤»¤»¤»¤»¤»¤»¤»¤»¤»¤»"
"[20]"
"¹é¾ÏµÈ°¶·¯µé¾Æ!"
"[6]"
"¿ÃÇØ °í3¿Ã¶ó°¥ ÇÐ»ýÀÎµ¥ 4¼öÇØ¼­ ±³´ë°£´Ù"
"[1]"
"´Ôµé¾Æ ½ºÀ§Æ¼ÇÇ½Ã¹æ"
"[4]"
"¸ñµ¿°í "
"[2]"
"¾çÁ¤ÀÌ¹ø¿¡ µé°¡´Â»ç¶÷?"
"[4]"
"ÀÌ¹ø¿¡ ¹é¾Ï °­Á¦¹èÁ¤ µÈ»ç¶÷ ¸¸ÅÍ¶ó ;;"
"[5]"
"´Ôµé ÇÐ±³ ¼ÅÆ²¹ö½º ¾îµð¼­ ½ÅÃ»ÇÔ"
"[2]"
"¾êµé¾Æ ¸ñµ¿ÂÊ¿¡´Â"
"20´ë¼Õ"
"¿À¤»¤»ÀÌ·±°¶·¯¸®µµÀÖ±¸³ª¤»¤»"
"[1]"
"¾çÁ¤ÀÎºÐ ¼Õ"
"[5]"
"ÀÌ¹ø¿¡ ¾çÃµ°í°¡´Âµ¥"
"[6]"
"¾çÁ¤°í ÀÔÇÐ»ýµé È¯¿µÇÑ´Ù! º¸¸é Á» µµ¿òµÉ¸¸ÇÑ°É ÀûÀ½"
"[12]"
"ÇýÈÞ´ÔÀº º¸½Ã¿À"
"[31]"
"½Å¸ñÁß ÀÚ»ì°ü·Ã ½Å¸ñÁß Á¤¸®.txt"
"[13]"
"¾çÃµ±¸ °íµî ¾²·¹±â´Â "
"[4]"
"¾çÃµ±¸¿¡¼­ Á¦ÀÏ ±¸¸®´Ù°í »ý°¢ÇÏ´Â °íµîÇÐ±³´Â??"
"[7]"
"¸ñµ¿»ç´Â °¶·¯µé¿¡°Ô  ÇÏ³ª¸¸ ¿©Âã°ÚÀ½..."
"[5]"
"¾Æ³ö...¹æ±Ý ¾çÃµ±¸Ã» °ø¿ø Áö³ªÃÄ¿À´Âµ¥ ½ÉÀåÅÍÁö´ÂÁÙ ¾Ë¾ÒÀ½ ¤Ñ¤Ñ;;;"
"[4]"
"´Ôµé¾Æ"
"[2]"
"È¤½Ã ¸ô¶ó¼­ ¾ê±âÇÏ´Âµ¥"
"[3]"
"½Å¿ùµ¿ ÁÖ¹Îµé¿¡°Ô Å©°Ô ±â»Û ¼Ò½Ä.news"
"[9]"
"¿©½É »ç·Î ÀâÀº Å°½ºÀåÀÎ ³²ÀÚ¹è¿ì´Â?"
"[µð½ÃìÑÅÍºä] BP¶ó´Ï¾Æ, ´Ù½Ã Start a Fire"
"¾çÁ¤!"
"[4]"
"½ÅÁ¤µ¿´ººñ¾ß"
"[1]"
"ÇÐ¿ø ÃßÃµÁ».."
"[13]"
"¾ç°¶ Á¸³ª ÈïÇÏ³× "
"[4]"
"´Ùµé °­¼­°í¿¡ ºÒ³­ °Å´Â ¾Í?"
"[21]"
"7´ÜÁö ¿· ¶ô¾Ø¿÷ »ý±â´Â°÷ ¹Ù·Î ¿·¿¡ Ä«Æä [ÁÖ Ä¿ÇÇ] »ý±â´õ¶ó."
"[2]"
"Á¾·ÎÇÐ¿ø ¾Õ ÇØ¹Ðµ¶¼­½Ç¾î¶²°¡¿ä?"
"[1]"
"³»°¡ ¹é¾Ï°í°¡µÆ°Åµç?"
"[23]"
"½Å¸ñÁß ÀÚ»ì»ç°Ç °á±¹ ±³»ç ÀÔ°ÇµÆ³×"
"[2]"
"¿À´Ã °­¼­°í°¡¼­"
"[12]"
"³»³â¿¡ °íµîÇÐ±³ ¿ø¼­ ¾µÅÙµ¥ °íµîÇÐ±³ ¾îµð·Î ½á¾ßÇÒ±î"
"[4]"
"¹é¾Ï ´Ù´Ï´Â °¶¶ó´Â ¾ø³Ä"
"[3]"
"½ÅÁ¤µ¿´ººñ  º¸¼¼¿ä"
"[1]"
"¾Æ ¸ð¸£°Å"
"¿Ïº®ÇÑ Åð°¶Àü¿¡ °­¼­°í ÇÏ³ª¾²ÀÚ¸é"
"[7]"
"ÅžÇü Á¤¸» °¨»çµå¸²"
"[8]"
"±×·³ °­¼­°í ÄO¾Æ"
"[69]"
"ÀÌ¹ø¿¡ ½Å¸ñ°í Á¹¾÷ÇÑ ¾Öµå¶ó"
"¿µµµÃÊ ±ÙÃ³¿¡"
"¸ñµ¿ 7´ÜÁö Áß±¹Áý ÃßÃµÁ»"
"[3]"
"³ª ¹é¾ÏµÌ´Âµ¥¿ä"
"[4]"
"¾ç°¶ ¿©°¶·¯°¡ Àº±Ù ÀÖ±¸³ª "
"[7]"
"¾çÃµ±¸ÀÇ Iº¯±â"
"[4]"
"¹é¾Ï¤»¤»¤»¤»¤»¤»¤»¤»¤»¤»¤»¤»Áø¸íÀÌ 5ºÐ°Å¸°µ¥ ¾¾1¹ß¤Ð¤Ð"
"[6]"
"¸ñµ¿Ç³°æ"
"[10]"
"½Å¼­ì¤»¤»¤»¤»"
"[3]"
"¸ñµ¿°í´ï"
"[1]"
"³» µ¿»ý Áø¸í‰ç´Ù³×."
"[2]"
"ÇªÇÏÇÏÇÏÇÏ"
"È¤½ÃÇÑ±¤µÈ»ç¶÷ ¤·?¤»¤»¤»¤»¤»¤»"
"[3]"
"¿©½É »ç·Î ÀâÀº Å°½ºÀåÀÎ ³²ÀÚ¹è¿ì´Â?"
"[µð½ÃìÑÅÍºä] BP¶ó´Ï¾Æ, ´Ù½Ã Start a Fire"
"³ª ½Å¼­µÊ...¤»..."
"[5]"
"¿Í!½Ã¹ß!½Å¼­°í¾ß!"
"[6]"
"¾çÃµ¾ÆÆÄÆ® ÁÖº¯¿¡ DVD ´ë¿©ÇÒ ¼ö ÀÖ´Â °÷ ÀÖ³ª¿ä?"
"½Ã¹ß ´ëÀÏ°í ¹èÁ¤‰ç´Ù ¤Ç¤Ç¤Ç¤Ç¤Ç"
"[20]"
"Çüµé ¸ñµ¿¿¡¼­ ±¸·Î¿ª ±ÙÃ³ °¡´Â ¹ö½º ¾ø±á??"
"[3]"
"¿À´Ã Á¹¾÷½ÄÇÔµÂ..."
"CBS°Ç¹°¿¡ ABC¸¶Æ® »ý±âÀÜ¾Æ. Çàº¹ÇÑ¼¼»ó ABC¿Í °°ÀÌ °¡´Â°Ç°¡? "
"¾çÃµ°íÃâ½ÅN¼ö»ýÀÖ³ª??????????????????????????????"
"[1]"
"½Å¸ñ°í Ãâ½Å Áú¹®Á»"
"[1]"
"¿ÃÇØ ¾çÃµ°í 3ÇÐ³â ¿Ã¶ó°¡´Âµ¥"
"¾çÃµ±¸ »ç½Ã´ÂºÐµé µµ¼­°ü ¾îµð´Ù´Ô"
"[2]"
"³» 10¼öÀÎ»ý.... ¿ÃÇØ ¼ö´ÉÀ» ¸¶Áö¸·À¸·Î.... ±×·¡!"
"[4]"
"³ª 10¼ö ¹®°ú»ýÀÎµ¥"
"¸ñµ¿ Áß¾Ó µ¶¼­½Ç ¿ùÀÌ¿ë·áÇÒÀÎ...°õ´Þ·¡ °í°³¿¡ ±æ¹þ¾ÆÄ«µ¥¹Ì ¿·¿¡ ÀÖÀ½."
"[2]"
"¾ç°¶Çüµé"
"[4]"
"¸ñ»ç ¸ÀÁý ±º»ï°ã"
"[4]"
"ÀÌºñÀÎÈÄ°ú ÃßÃµÁ»..."
"[1]"
"¹®°ú³Ä ÀÌ°ú³Ä..."
"[19]"
"±ÙÃ³¿¡ Á¤Çü¿Ü°ú °¥¸¸ÇÑµ¥ ÃßÃµÁ»"
"[2]"
"°­¼­ÃÊ °­½ÅÁß ³ª¿Â 86³â»ýÀÖ³Ä?"
"¾ß ³»°¡ ¾çÃµ±¸¾È»ì¾Æ¼­±×·¯´Âµ¥ ¸ñµ¿¿¡ Àç¼öÇÐ¿ø ¹¹¹¹ÀÕ³ÄÁ»¾Ë·ÁÁàºÁ "
"[4]"
"ÄOµé ³ª ¿À´Ã ¼¾Æ®·² °¡´Â±æ¿¡ ±âÀÚ°¡ ÃëÀçÇÏ´Â°Å ºÃÀ½"
"[1]"
"¾çÃµ°¶¿£ Áß°íµù ÀÌ ¸¹Àºµí. "
"´Ôµé¾Æ¹é¾Ï°í¿ÀÁö¸¶¼¼¿ä"
"[3]"
"»ïÃÌÀÌ ½ÇÁ¾µÇ¾ú½À´Ï´Ù. ÇÑ¹ø¸¸ ºÁÁÖ¼¼¿ä"
"[2]"
"¸íº¹À»º÷´Ï´Ù.."
"¼¾Æ®·²°Ç¹° ÀÚ»ì»ç°Ç"
"[1]"
"¾îÁ¦ ÀÚ»ìÇÏ½ÅºÐ  ÇÏ¾áÃµ¸·À¸·Î °¡¸®±â Á÷Àü¿¡ Áö³ª°¬¾î¿ä... ¤Ð¤Ð"
"[1]"
"¼¾Æ®·² ÀÚ»ì"
"[2]"
"È¤½Ã ¾çÁ¤°í 2011ÇÐ³â 1ÇÐ³â 8¹Ý Ä«ÆäÁÖ¼Ò ¾Æ´ÂÄO ÀÖÀ¸¸é °¡¸£ÄÑÁÖ¶ó"
"[1]"
"¿©½É »ç·Î ÀâÀº Å°½ºÀåÀÎ ³²ÀÚ¹è¿ì´Â?"
"[µð½ÃìÑÅÍºä] BP¶ó´Ï¾Æ, ´Ù½Ã Start a Fire"
"¿©±â ¿µÀÏ°í Ãâ½ÅÀÖ³ª?"
"[2]"
"³ª ¿À¸ñ±³ÀÎµ¥ °°ÀÌ ¸ÆÁÖ ÇÑÀÜ ÇÒ °¶·¯ ¾ø³Ä Á¹¶ó ¹«±â·ÂÇÏ´Ù.. "
"¸ñÀÏÁß´Ù´Ï´Âµ¥"
"[6]"
"³ª Áý¾Õ ¹Ù·Î ¹é¾Ï°íÀÎµ¥ ¾çÃµ°í°¡¼­ ¾çÃµ°í ¾îÂ¿¼ö¾øÀÌ°£°ÅÀÓ ¤»"
"[7]"
"¾çÃµ±¸ ÀÌ°ú °íµîÇÐ»ýµé¾Æ!!! 1ÇÐ±â ÁøµµÁ» ¾Ë·ÁÁà"
"[2]"
"¾çÁ¤°íµîÇÐ±³"
"[7]"
"¾ß ÇåÆÃÄ¸ »ì °÷ ¾ø³Ä"
"¾çÃµµµ¼­°ü¿¡  °³³ä¾ø´Â³âµé"
"[3]"
"¾ß ¿äÁòÀº °íµîÇÐ±³ ¿ø¼­½á¼­ °¡³Ä?"
"[4]"
"³ª ¾çÁ¤°í ºÙ¾ú´Âµª..."
"[4]"
"³ª ½Å¼­°í½è´Âµ¥..."
"[10]"
"Çüµé ¾çÁ¤°í °¡·Á¸é..."
"[1]"
"½ÅÀÔÀÌ¿É´Ï´Ù "
"¼­ºÎÆ®·°ÅÍ¹Ì³Î¿¡¿Ö±ºÀÎµéÀÕ´Â°Å?"
"¾çÃµ±¸  ¼ö½Ã Àû¼º°Ë»ç ÇÐ¿ø ÃßÃµ Á»¿© ¤Ì¤Ì"
"[2]"
"¿À!"
"[2]"
"¿¹ºñ°í1ÀÎµ¥ °­¼­°í ±¦È÷¾´µí.."
"[12]"
"³ª¾çÃµ°í Ãâ½ÅÀÎµ¥ ¾çÃµ°í¿ÀÁö¸¶¶ó ¤·¤·¤·¤·¤·¤·¤·¤·¤·"
"[5]"
"µåµð¾î Àæ°°Àº°íµîÇÐ±³¸¦ Á¹¾÷ÇÏ´Â±¸³ª"
"[4]"
"ÃÖÈñ ¾Æ³ª¿î¼­ ¸ñµ¿ Çö´ë¹éÈ­Á¡..."
"[1]"
"·¹¾Ë °­¼­°í ¼ö¿äÀÏ¸¶´Ù ±âµµÅ¸ÀÓ °¡Áö³ª¿ä?"
"[10]"
"È¤½Ã ½Å¸ñÁß ±ÙÃ³¿¡ ¼ö¿µ ¿ëÇ° ÆÇ¸ÅÁ¡ ¾ø³ª?"
"[1]"
"³ª ºÎ¿µ»ç´Âµ¥"
"[2]"
"ÄOµé ¹é¾Ï°í, ¿µÀÏ°í ¾î¶§¿ä ?"
"[4]"
"¿äÁò °æ±â°¡ ¸¹ÀÌ ¾ÈÁÁ³ªº¸³×.. 13´ÜÁö °æºñ ÁÙÀÌ´Â°Å ÅõÇ¥ÇÔ"
"[3]"
"5È£¼± ½ÅÁ¤¿ª ¹ØÂÊ¿¡ ±âÅ¸ ÆÇ¸Å¼¥ °¡º»»ç¶÷ ÀÖ³Ä?"
"[2]"
"Àú¹é¾Ï°í´Ù´Ï´Â´ë"
"[9]"
"¾çÃµ°í ±Þ½ÄÀº ÁøÂ¥ »ì±âÀ§ÇØ¸Ô´Â°Å °°´Ù"
"[1]"
"¿À¸ñ±³¿ª ±ÙÃ³¿¡ ´ã¹è³¿»õ ¾È³ª´Â pcŸÁ³ª¿©"
"[1]"
"¿¹¼úÀÎ¼¾ÅÍ 1Ãþ ºó°÷¿¡ ±¹¹ÎÀºÇà°ú Çö´ëÀÚµ¿Â÷ 2¿ùÁß¼ø²¾ µé¾î°£´Ù°íÇÔ."
"[1]"
"¿©½É »ç·Î ÀâÀº Å°½ºÀåÀÎ ³²ÀÚ¹è¿ì´Â?"
"[µð½ÃìÑÅÍºä] BP¶ó´Ï¾Æ, ´Ù½Ã Start a Fire"
"±×¸®°í ÀÌ°Ç µµ¼­°ü¹äÀÓ"
"[4]"
"¾çµµ ¾Õ Å¸ÄÚ¾ßÅ°Æ®·° ÁøÂ¥¸ÀÀÖ´Ù"
"[1]"
"Å¸ÄÚ¾ßÅ°Æ®·°µé ´Ù ¾îµð°«À½?"
"[3]"
"¸ñµ¿¿¡ ¶ô¾Ø¿÷ Áß½Ä´ç ¿ÀÇÂÇÕ´Ï´Ù."
"[11]"
"ÇÏÀÌÆä¸®¿Â2 ½º¹÷ ¿Ö ¾ø¾îÁö³Ä??"
"[2]"
"¿À¸ñ±³¿ª °³¸íÃßÁøÇÑ´Ù³×."
"[12]"
"Å¸ÄÚ¾ßÅ°Àå»ç ¾îµð°¡Á©¸ÀÀÖ¾î?"
"[2]"
"µµ¼­°ü ¹ä ¸ÀÀÖÁö ¾Ê³Ä"
"[5]"
"°³·²µé¾Æ ÇÁ¸°Æ®µÇ´Â pc¹æ ¾Æ´Â °÷ ÀÖ¾î?"
"[2]"
"2¿ù  µÇ¸é ´ëÇÐ ¹ßÇ¥´Ù  ³ª¿À´Âµ¥..  °­¼­°í  ¾ó¸¶³ªÅÐ¸±Áö  ±â´ëµÇ³×"
"[5]"
"°­¼­°í »õ±³º¹ »çÁø"
"[5]"
"³»°Ô Å« »óÃ³¸¦ ÁØ ¹é¾Ï"
"[5]"
"ÇÑ°¡¶÷ vs ¾çÁ¤ vs °­³²¿¡ ÀÖ´Â °íµîÇÐ±³µé"
"[12]"
"¾çÁ¤ÀÌ ¾Æ¹«¸® ¤´ÀÌ¶óÁö¸¸ ¾î¶»°Ô ´ëÇÐÀ¸·Î °­¼­ ÇÑ°¡¶÷ÇÑÅ× ¹Ð¸² ?"
"[2]"
"µ¶¼­½Ç Áú¹®.... ½ÅÁ¤¿ª ¹Ý°æ 2.5km ³»¿Ü"
"[3]"
"¸ñµ¿~¿À¸ñ±³ ÀÏ½ÄÁý ÃßÀüÁ»//"
"[3]"
"5È£¼± ½ÅÁ¤¿ª ºÎ±Ù¿¡ ÀÖ´Â RAN(¶õ)ÇÇ½Ã¹æ ¾Ë¹Ù ¿¹»ÚÁö ¾Ê³Ä?"
"[1]"
"¾ç±¸¿¡¼­ ±¦ÂúÀº ÇÇºÎ°ú ÃßÃµÁ» ¤Ð"
"[2]"
"ÀÌ¹ø¿¡ ¸ñµ¿ Á¾·Î ´Ù³æ´ø Ä£±¸µé Á» ¤»¤»"
"[2]"
"¾çÃµµµ¼­°ü µµ½Ã¶ô ±î¸ÔÀ»µ¥ÀÖÀ½?"
"[2]"
"½ÅÁ¤³×°Å¸® ¹Ù ¾ø¾îÁö°í Åõ¼¶ÇÃ·¹ÀÌ½º µé¾î¿È"
"³ª ÀºÇà´Ù´Ï´Âµ¥..¸ñµ¿ÀÌ °­³²¿¡ ²Ü¸±°Å ¾ø´Ù.."
"[4]"
"cbs»ó°¡ ¸®´º¾ó Á¤º¸"
"[7]"
"±Û¸®Á¨¾ÈµÇ´Â¾çÃµ°¶"
"[1]"
"9´ÜÁö 10´ÜÁö »çÀÌ¿¡ÀÖ´Â ¸ñµ¿Âý½ÒÈ£¶± ¿äÁò¿¡µµ ¿µ¾÷ ÇÔ?"
"[4]"
"±Ùµ¥ Çö¹é¾Õ ÄÝµå½ºÅæ °©ÀÚ±â ¾ø¾îÁ³À½?"
"[2]"
"¿ÀÆ®¸®ºó »ç°í ½ÍÀºµ¥¤Ð¤Ð"
"¿À¸ñ±³¿ªÁÖº¯À¸·Î ÇÐ¿ø¿°"
"[2]"
"½ÅÁ¤µ¿ ¸ñµ¿ Çï½ºÀå ÃßÃµÁ»"
"[3]"
"2011/2012 ¾çÃµ±¸ °¶·¯¸® ½ºÅ° Ä·ÇÁ"
"¿©½É »ç·Î ÀâÀº Å°½ºÀåÀÎ ³²ÀÚ¹è¿ì´Â?"
"[µð½ÃìÑÅÍºä] BP¶ó´Ï¾Æ, ´Ù½Ã Start a Fire"
"¿ÏÀüµÞºÏ¹Ì¾ÈÇÑµ¥ ¤»¤»¤»¤»¤»"
"[2]"
"¾çÃµ±¸¿¡ ±ººÎ´ë ¾Æ´Â»ç¶÷ ÀÖ³Ä?"
"[6]"
"¾çÃµµµ¼­°ü ÀÖÀÝ¾Æ"
"[3]"
"¼­ºÎ±Ç¿¡¼­ Àß»ç´Âµ¿³× ¾îµð¾îµðÀÖÀ½? ¸ñµ¿?¸¶Æ÷?»ó¾Ï?¿©ÀÇµµ?"
"[6]"
"Çö¹é¾Õ ¿Ê°¡°Ô BB¼¥ ¿©±â ¶±º¹ÀÌÁýÀ¸·Î ¹Ù²ð»·ÇßÀ½."
"[2]"
"¿À¸ñ±³ Çö¹é¾Õ ¿Ã¸®ºê¿µ 1¿ù1ÀÏ±îÁö ¿µ¾÷ÇÏ°í Ã¶¼öÇÑ´Ù³×."
"[4]"
"¿©ÀÜµ¥ ¿À¸ñ±³¿ª±ÙÃ³ ¹Ì¿ë½ÇÃßÃµÁ»!"
"[5]"
"½Å¸ñÁß ¸ÂÀºÆí ¾ð´ö¿¡ ½ãÇì¾î¶ó°í ¾Æ´Â»ç¶÷ÀÖÀ»¶ó³ª "
"[2]"
"½Å¸ñ°í¾Öµé¾Æ "
"5´ÜÁö »ç´Â µ¿¹° ÁÁ¾ÆÇÏ´Â Çüµé¾ø³ª ¤Ì¤Ì"
"[4]"
"¸ñµ¿ÀÌ ±îÀÌ´Âµ¥"
"[5]"
"clÄO º¾´Ï´Ù."
"[1]"
"Áß3ÀÌ ´Ù´Ò¸¸ÇÑ ¿µ¾îÇÐ¿øÃßÃµÁ».."
"[4]"
"ÀÌÁö¹ÙÀÌ ¸À³­ »§ ÃßÃµÁ»"
"[2]"
"¿¹ºñ°í1ÀÌµ¥ ±¦ÂúÀº ¿µ¾îÇÐ¿ø ÃßÃµ Á» ÇØÁÖ¼¼¿ä~~"
"[2]"
"¸ñ¿îÃÊ.. Â¼..Â¾´Ù.."
"[3]"
"¿À´Ã ÀÌ´ëº´¿ø Áö³ª°¡´Ù°¡ º¸´Ï ¸¶°îÁö±¸ »õº´¿ø °Ç¸³ È®Á¤ÀÌ¶ó ½áÀÖ³×.."
"[1]"
"¾çÃµ±¸ ¼ÒÀç ¹Ì¼Ç½ºÄð ¾îµð¾îµð ÀÖÁö?"
"[1]"
"½Ã°è ÆÈ¾Æ¿ä"
"[1]"
"³ª ¸ñµ¿¿ª±ÙÃ³»ç´Âµ¥ »õº®¼ö¿µ ¾ÆÄ§ ÇÇ¾Æ³ë,±âÅ¸ ¹è¿ï¼öÀÖ´Â°÷ÀÖÀ½?"
"[4]"
"¹æ±Ý KBS1 ´º½º¿¡ ¾çÃµ±¸ ³ª¿Ô´Âµ¥"
"Èäµé  ¾Æ, Ä¿ÇÇ¸¶½Ã°í ½Í´Ù¿¡ Ä¿ÇÇÁ» ¸¶½Ã·¯ ¿Í,"
"[1]"
"ÄOµé ÀÐ¾îºÁºÁ"
"[5]"
"ÀÌ¹øÁÖ ±Ý¿äÀÏ ±èÆ÷°øÇ× ·Ôµ¥½ºÄ«ÀÌÆÄÅ© ¿ÀÇÂÇÔ (´ë±Ô¸ð ¼îÇÎ¸ô)"
"[11]"
"Åä¿ç³¯ ±³º¸¹®°í¿¡ ÀÌÀ±Áö ¿Ô¾ú´Ù³×."
"[10]"
"½º¹«µðÅ·»ý±è! ¾ÈÅ¸±õÁö¸¸ °­¼­±¸¿¡ ¤Ð¤Ð"
"[5]"
"¿¬¸»¿¡ ±èº´¸¸ ´ÞÀÎ°¥¸Å±â¿¡ ±èº´¸¸ »çÀÎÈ¸ ÀÖ´Ù³×."
"[1]"
"¸ñµ¿ »ç´Âµ¥ ³ª¸¸ ¼öµ¾¹°¿¡¼­ Èë³¿»õ ³ª´Â°Å ´À³¦?"
"[1]"
"³ª Áö±Ý ¾çµµ ¿Ô´Âµ¥"
"[2]"
"¾çÃµµµ¼­°ü ¿ÍÀÌÆÄÀÌ ÀâÈ÷´Â°Å ¾÷³Ä"
"[3]"
"¿©½É »ç·Î ÀâÀº Å°½ºÀåÀÎ ³²ÀÚ¹è¿ì´Â?"
"[µð½ÃìÑÅÍºä] BP¶ó´Ï¾Æ, ´Ù½Ã Start a Fire"
"¼Ö±î ¸ñµ¿ ¾ÆÆÄÆ® »ì Á¤µµ¸é Áý¿¡¼­ ¾Æ¹« ºÎ´ã ¾øÀÌ ´ëÇÐµî·Ï±Ý ´ëÁÙ¼ö"
"[11]"
"Àü ¸®¾ÈÇì¾î ´Ù´Ï´Âµ¥¿ä 13000¿ø ºê·£µå ¸ÅÀåÄ¡°ï Àú·ÅÇÑ°Å ¾Æ´Ñ°¡¿ä ¤Ð"
"[5]"
"41Å¸¿ö ÆÄ¸®Å©¶ó»ó ÀÓ´ë·á"
"[3]"
"¸ñµ¿»ç´Â °¶·¯µé¿¡°Ô ÇÏ³ª¸¸ ¹°¾îº¾´Ï´Ù..."
"[2]"
"¾çÃµ¹æ¼ÛÀ¸·Î TV º¸½Ã´Â ºÐµé Á¾Æí Àß ³ª¿É´Ï±î?"
"[1]"
"Çüµé ¾çÃµ°í ¸Ó¸®±ÔÁ¤ÀÌ¾î¶»°ÔµÊ??"
"[12]"
"´Ï³× ¾ç°¶¹ø°³°¡ ºÎÈ°ÇÑ°Ç ¾Ë°í °¶ÁúÇÏ³Ä?"
"[1]"
"[¸µÅ©] ½Ãµµº° ÀÏ¹Ý°è °í±³ Æò°¡"
"[2]"
"¼­¿ï±¸Á÷ÀÚ ¿ù 300°¡´É. À¯Èï.ºÒ¹ý¾Æ´Ô"
"[5]"
"¸ñµ¿ÀÌ³ª ½ÅÁ¤4µ¿¿¡ ¹®¸í5 ±ò¸° ÇÇ¹æ ¾îµð¾îµù ÀÖÀ½? "
"[2]"
"IMI ¿­Á¤°ú²ö±â Àß ¾Æ½Ã´ÂºÐ~~"
"[5]"
"¾îÁ¦ ¾ç°¶ ¹ø°³ ÈÄ±â"
"[4]"
"¿¹Àü °íµîÇÐ±³º° Ë£·ù ÀÛ¼ºÀÚÀÔ´Ï´Ù. ½Å¸ñÁß ÀÚ»ì»ç°Ç Á¦º¸¹Þ½À´Ï´Ù"
"[8]"
"½Å¸ñÁßÀÚ»ì"
"[7]"
"¿À·£¸¸¿¡ ¿Ô´Âµ¥"
"[1]"
"Áö±Ý TV Ã¤³ÎÀÌ ¸î °³ ¾È³ª¿À´Âµð..."
"[2]"
"¾çÃµ±¸¿¡¼­ °¡±î¿î ¿îÀü¸éÇãÇÐ¿ø ÃßÃµÁ» "
"[1]"
"¿¹¼úÀÎ¼¾ÅÍ ¾÷µ¥ÀÌÆ®.."
"[1]"
"¸ñµ¿¿¡ µ·ºÎ¸®ÁýÀÕÀ¸¸é ÁÁÁö ¾ÊÀ»±î¿© ¤¾¤¾ "
"[7]"
"¿¹Àü °íÀü »çÁøµé"
"[1]"
"¿À¸ñ±³ »ïÀÍ¾ÆÆÄÆ®ÂÊ ±æ°Å¸®"
"[3]"
"È¤½Ã ¿©±â Ã¤ºÀÀÌ³ª »ç¼±ÀÌ ¾Æ´Â »ç¶÷ÀÖ³Ä??"
"¾çÁ¤ °­¼­ Áß¿¡¼­ ¿¬°í´ë¿¡¼­.."
"[3]"
"¾çÃµ±¸¿¡ ±âÅ¸ ÇÇÅ© ÆÄ´Âµ¥ ÀÖ¾î???"
"[2]"
"¼Û ¸ù?"
"¼Û¸ùÀÌ¸ð¾ß?"
"¼Û ¸ù"
"[1]"
"¾çÁ¤°íº¸¼¼¿ä"
"[1]"
"¸ñµ¿¿¡¼­ ¼­ºñ½º ÁÁÀº ´ëµþ¹æ ÃßÃµÁ»"
"[6]"
"¸ñµ¿¾ÆÆÄÆ® 11´ÜÁö ÂÊ¿¡¼­ Å©¸²»ö°­¾ÆÁö µ¹¾Æ´Ù´Ï´À°Å º¸¸é Á¦º¸Á»¤Ð¤Ð"
"¿©½É »ç·Î ÀâÀº Å°½ºÀåÀÎ ³²ÀÚ¹è¿ì´Â?"
"[µð½ÃìÑÅÍºä] BP¶ó´Ï¾Æ, ´Ù½Ã Start a Fire"
"¸ñµ¿¿¡¼­ ¸Ó¸® Á¦ÀÏÀßÇÏ´Â¹Ì¿ë½ÇÀÌ ¾îµò°¡¿ä"
"[6]"
"±â»ýÀÎ±¸//³Ã¸éÁý ¾îµð??"
"´ãÁÖ ¿ù¿ç 28ÀÏ °ú¸²±¸Àå ¿¹ºñ±º ¹ÞÀ¸·¯ °¡´Â Çà´Ôµé °è½Å°¡..."
"[1]"
"½Å¿ùµ¿vsÈ­°îµ¿.."
"[6]"
"¾çÁ¤°í µ¶»ç°¡ ±×·¸°Ô À¯¸íÇÑ°¡¿ä"
"[6]"
"¸ñµ¿ 5´ÜÁö ¾ÆÆÄÆ® »ç´Âµ¥ Ä¡Å² ½ÃÄÑ¸ÔÀ»¸¸ÇÑµ¥ ¾øÀ½?"
"´ãÁÖ °ú¸²±³Àå ÈÆ·Ã¹ÞÀ¸·¯°¡´Âµ¥"
"[6]"
"ÇÐ»ý1¸í Áý´Üµûµ¹¸²À¸·Î ÀÎÇÏ¿© ÀÚ»ìÇß´Ù°íÇÏ³×;;"
"[10]"
"°í±â¸À ±¦Âú´øµ¥.. Å«ÀºÇà³ª¹«Áý"
"¸ñµ¿¿¡ ¼öÀÔ ´ã¹è »ì µ¥ ¾ø³²..."
"[1]"
"ºÒ·Î¸¸ ½¡ºÒ ¹Ù“ÉÅ¥"
"¿¹¼úÀÎÈ¸°ü ÀÔÁÖÇßÀ½?"
"[2]"
"¾çÁ¤°í ¿îµ¿ºÎÀÇ ¿¬°í´ë ÁøÇÐÀÎ¿øÀÇ Áø½Ç"
"[2]"
"¸ñµ¿¾ÆÆÄÆ®´ÜÁöÀÇ ³ë¿¹±Ù¼º"
"[11]"
"¸ñµ¿ ·Îµ¥¿À ÀÔ±¸? Ãâ±¸? ¿¡"
"[1]"
"³ª ÀÛ³â °­¼­°í¿¡¼­ ¿¹¹è½Ã°£¿¡ ¹®¸í ³ë·¡ Èê·¯³ª¿À°Ô ÇÑ ³ðÀÎµ¥"
"[9]"
"½Å¿ù1µ¿¿¡ »ç´Â»ç¶÷µé¾Æ ÀÌ·± ³ë¼± ¹ö½º »ý±â¸é ÁÁÁö¾Ê°ÚÀ½?"
"[1]"
"¤±¤§ÄO djmax technika3ÇØº½?"
"[9]"
"¾ß ¸ñµ¿ 14´ÜÁö °¥»êÃÊ±³ ¾Õ¿¡ »ç´Âµ¥ Áú¹®Á» ÇÒ²²"
"[1]"
"¾ß ¸ñ4µ¿ Á¤¸ñÃÊÀÎ±Ù Àç°³¹ß¾ðÁ¦µÇ³Ä ¾Æ»¡¸®!"
"[5]"
"¸ñµ¿±ÙÃ³¿¡ Çï½ºÀåÃßÃµÁ»"
"¾çÁ¤ ¹®°ú vs °­¼­ ¹®°ú ´©°¡½Â?"
"[4]"
"Çö¹é¾ÕÀÇ [Åä¸®ÃÌ]º¸½ÓÁý.°ú ¿À¸ñ±³ ³²ÂÊÀÇ[ÇÒ¸Åº¸½Ó]°ú ±×¿Ü."
"[3]"
"¿À¸ñ·Î ±æ°¡¿¡ ÇÑº¹Áý ¿·ÀÇ [¼Ò°öÃ¢ ¾ç±ê¸Ó¸®]? ¿´³ª? °öÃ¢Áý À¯¸íÇÔ.."
"[12]"
"°¢ÀÚ°¡ »ý°¢ÇÏ´Â ¾çÃµ±¸ °í±êÁý Ë£À» ¸»ÇØº¸ÀÚ."
"[13]"
"¾çÁ¤vs°­¼­ ÀÔ°áÁ¾°á ÀÚ·áÅõÃ´ ¹Ø¿¡ ³»±Û Âü°í"
"[5]"
"¸ñµ¿°í(±¸ ¾çÃµ¿©°í) ¾ÆÁ÷µµ ¿©ÀÚÇÐ±³ÀÓ?"
"[3]"
"¿Êº¸·¯ [½ºÆÄ¿À] ÇÔ °¥ »ý°¢ÀÎµ¥. ½ºÆÄ¿À ±¦ÂùÁö? ¤»"
"[5]"
"ÆÄ¶ó°ï ÁöÇÏ¿¡ ¾ø¾îÁ³À¸¸é? ÁÁÀ»²¬. ÀÌ¶ó°í »ý°¢ÇÏ´Â ¸î±ºµ¥.."
"ÆÄ¶ó°ï ÁöÇÏ [ÀÌ¿ø»óÈ¸] °¡º»»ç¶÷? ¿©±â ¸ó°¡ Á¤°¥ÇØº¸ÀÌ´õ¶ó."
"¿©½É »ç·Î ÀâÀº Å°½ºÀåÀÎ ³²ÀÚ¹è¿ì´Â?"
"[µð½ÃìÑÅÍºä] BP¶ó´Ï¾Æ, ´Ù½Ã Start a Fire"
"¸ðµÎ ÇÑ¹ø¾¿Àº ¸Ô¾îºÃÀ»¸¸ÇÑ ÆÄ¶ó°ï ÁöÇÏ[¶óÁ¨]¾ËÁö?"
"³ªµµ Á¤Ã¼ ¸ð¸¦ ¤±¤§ Çü ÀÚ±Ø ¹Þ¾Æ ÆÄ¶ó°ï ÁöÇÏ ÂüÄ¡ ÃÊ¹äÁý ­ˆÃµ"
"[3]"
"±³º¸¹®°í ÇÖÆ®·¢½º¿¡¼­ ¿Ã ÇÏ¹Ý±â¿¡ À½¿ø»ç¾÷µµ ½ÃÀÛÇÑ´Ù³×."
"[4]"
"¾çÁ¤vs°­¼­ ÀÔ°á Á¾°á °­¼­°í ÀÔ°á°¡Áö°í ¿­ÆøÁ» ±×¸¸ÇØ¶ó"
"[14]"
"¼¼½ÅÇÁ¶óÀÚ 3ÃþÀÇ ±¹¼öÁý [±¹¼ö°¶·¯¸®]¾Æ´Â »ç¶÷?"
"¸ñµ¿5°Å¸® ¸ÔÀÚ°ñ¸ñ ÃÊÀÔ[½Å¸²¼ø´ëººÀ½] ¿©±â ¸À³²??"
"[1]"
"41Å¸¿ö ÁöÇÏ [Ç³¼ºÇÑ ºÎ´ëÂî°³] ±¦ÂùÁö? "
"[1]"
"Çö¹é¾Õ [¸ñµ¿½¡ºÒ°¥ºñ] ¾Õ [Á¾·Î»óÈ¸]? ¿©±â ÄÁ¼ÁÀÖ°Ô Àß ¸¸µé¾ú³×.~"
"[1]"
"Çö´ë41Å¸¿ö¿¡ ¿ÍÇÃÁý¿ÀÇÂÇß´Ù.."
"[6]"
"³­ Ã·¾Ë¾Ò´Âµ¥ sbs ·Îºñ±îÁø µé¾î°¥¼ö ÀÖ´õ¶ó -¤±-;; Ã· ¾Ë¾ÒÀ½"
"[2]"
"¸ñ1µ¿¿¡ ÇÐ±³ ºÎÁö ÀûÇÕ¼º ¼³¹®.jpg"
"[5]"
"¿À¸ñ±³¿ª¿¡ µå¸²º¸ÄÃ ¾ÆÄ«µ¥¹Ì? °Å±â À¯¸íÇÑ °÷ÀÌ´Ù´õ¶ó."
"[2]"
"¸ñµ¿ ÁÖº¯ ±â¾÷Ã¼ÀÇ Á÷¿ø ±¸³»½Ä´çÀÇ °©Àº ¾îµð³Ä?"
"[8]"
"¸ñ5µ¿ ½Å¼±¼³³óÅÁ ¿·¿¡ [¿ÍÇÃ¹ÝÆ®] ¿ÀÇÂÇØ¶¥."
"°íµùµé °ü½ÉÀÖ¾îÇÏ´Â °íµîÇÐ±³ SKYÁøÇÐ·ü¿¡ ´ëÇØ ¾Ë·ÁÁÜ"
"[1]"
"¾çÃµ±¸°¶ 90%°¡ ¸ñµ¿ ÀÌ¾ß±â´Ù. ½Å¿ùµ¿¿¡ °ü½ÉÁ» °¡Á®Áà"
"[5]"
"¸ñ1µ¿¿¡¼­¸¸ À¯Ä¡¿øºÎÅÍ °íµù±îÁö Å©´Â ¹æ¹ý."
"[11]"
"¸ñµ¿ »ç°Å¸®ÀÇ °í±âÁý[¸ñµ¿Á¤]ÀÌ Á¤À°½Ä´çÀ¸·Î ÄÁ¼ÁÀ» ¹Ù²å³ß."
"ÁßÇÐ±³µµ Á¾·ùº° °© ¸¸µé¾îº¸ÀÚ "
"[4]"
"¸ñµ¿ ·Îµ¥¿À °Å¸®´Â ÁøÂ¥ ¾Ö¸ÅÇÑ°Ô "
"¾ß ±× ÆÄ¶ó°ï ½ºÆÄ¿¡ ÀÖ´Â ¸ÀÀÖ´Â ¼øµÎºÎÁý ÀÌ¸§ÀÌ ¹¹Áö?"
"[4]"
"¾çÃµ¿ìÃ¼±¹ ¿·ÀÇ °í±âÁý. [¹Ì´ã] ¾ËÀ½? ¿©±â ¸À³ª³ª?"
"[13]"
"Ã»¼Ò³â¹®È­È¸°ü ¿·ÀÇ °ø»çÁß´ÜÀÎÃ¤·Î ¹æÄ¡µÈ °Ç¹°Àº ¹¹ÀÓ?"
"[7]"
"¸ñµ¿¿ª¿¡¼­ °¡±î¿î ±¹¹ÎÀºÇà ¾îµð ÀÖÀ½??"
"[3]"
"³Ñ ¿À·£¸¸ÀÌ¶ó ±Û ¿ªÁÖÇà ´Ù ¸øÇÏ°Ú´Ù ¤Ð¤Ð"
"[5]"
"¾çÃµ±¸ °íµîÇÐ±³ ºÐ¾ßº° 1À§&ÀÌÀ¯.. Á¾°áÀÚ·á"
"[18]"
"Ä«¶ó°¡ µåµð¾î °ø½ÄÆÒÅ¬·´À» Ã¢´ÜÇÏ³×(°¡ÀÔºñ ¹«·á)"
"[1]"
"¸ðµÎµé ¾Ë°ÙÁö¸¸ ÀÏ¹æÅëÇàÀÌ¶ó Á¶ÀºÁ¡ ¤¾¤¾"
"[1]"
"¤»¤»¤» ³²ºÎ¹ý¿øÂÊ ¹Ð·¯ »ý¸ÆÁÖÁý"
"[3]"
"¾ç°¶ ÄOµé..."
"[1]"
"¿©½É »ç·Î ÀâÀº Å°½ºÀåÀÎ ³²ÀÚ¹è¿ì´Â?"
"[µð½ÃìÑÅÍºä] BP¶ó´Ï¾Æ, ´Ù½Ã Start a Fire"
"±èº´¸¸ ´ÞÀÎ °¥¸Å±â º»»ç°¡ ¸ñµ¿ÀÌ¾ú³ß."
"[2]"
"Çö¹é¾Õ º¸µå¶÷ Ä¡Å² È®Àå°ø»ç ÇÑ´Ù. "
"[1]"
"µµ³×´© ¿·ÀÇ ºÒ´ß¹ß Áý ¾Ë¾î? ¾îÁ¦ ¸Ô´Ù°¡ ÈÅ°¥»·ÇØµû."
"[3]"
"41Å¸¿ö 1Ãþ ¼öÁ¦¸ÂÃã¾çº¹Á¡ Á¹ ¸ÚÁ®º¸ÀÌ´õ¶ó. "
"[2]"
"Àç°æ±Û"
"[6]"
"³­ ¿­½ÉÈ÷ µÎ¹ß·Î ¶Ù¾î ¼Ò½Ä ¾Ë¸®´Âµ¥ »ó °¡Æ°°Å Áà¾ß µÇ´Â°Å ¾Æ´Ï³Ä?"
"[9]"
"ÀÌ´ë¸ñµ¿º´¿ø ¸ÂÀºÆí °Ç¹° 3ÃþÀÇ ¹ÙÁö¶ô Ä®±¹¼öÁý...."
"[1]"
"¿Ö ¸ñ1µ¿ ÇÑ°¡¿îµ¥¿¡´Â ·Î¶Ç ÆÄ´Â °÷ÀÌ ¾÷³Ä? (ÀÖ³ª?)"
"[3]"
"¿À¸ñ±³ ´ëÇÐÇÐ¿ø ¿·¿¡ [±èº´¸¸ ´ÞÀÎ °¥¸Å±â] ¿ÀÇÂÇÑ´Ù."
"[3]"
"¾ûÅÍ¸®¿¡¼­ ÀÌ¹ø¿¡ »õ·Î¿î ºê·£µå ·±ÄªÇØµû[¾ûÅÍ¸® Âü½¡±¸ÀÌ ÁÖ¹°·°]"
"[1]"
"»±µå»¤¹Ù ¿­¶ó ¸À³­´Ù.(¿ÀÇÂ±â³ä ¸Ó±×ÄÅÁØ´Ù.)"
"[3]"
"¾çÁ¤°íµîÇÐ±³ ÀÔÇÐ °í¹ÎÁßÀÎ Áß3ÀÔ´Ï´Ù. "
"[5]"
"¾çµµ¿¡¼­ Ç×»ó º¸ÀÌ´Â ÀÌ»óÇÑ »ç¶÷"
"[2]"
"½Å¿ù ½Ã¿µ¾ÆÆÄÆ® ¿îµ¿Àå¿¡¼­ Ãà±¸ÇÏ·¯ °¡ºÃ´Âµ¥, ±×¶ó¿îµå ÃÖ¾ÇÀÌ´õ¶ó."
"[2]"
"Æ®¶óÆÓ¸®½º »ó°¡ ¾Æ±õ´Ù.."
"[2]"
"°­¼­°í°¡ ¾çÃµ¿¡¼­´Â Á© ¸í¹®??"
"[6]"
"¸ñµ¿ÂÊ¿¡ ³í¼úÇÐ¿ø ÁÁÀºµ¥ÀÕ³ª¿ä?"
"[1]"
"¾çÃµÁÖ¹Î¿©·¯ºÐ!"
"kt°Ç¹° 1ÃþÀÇ ¿þµùÈ¦? °Å±â ¸®¸ðµ¨¸µÇÏ´Âµ¥ 70¾ï µé¾ú´í´Ù."
"[4]"
"¿ì¸®Áý¿¡¼­ ¼­ÀÖÀ¸¸é ÇÏÀÌÆä¸®¿ÂÀÌ º¸ÀÌ°Åµç"
"[1]"
"¿¹¼úÀÎ¼¾ÅÍ ¾÷µ¥ÀÌÆ® ARTGIG&PAIN DE PAPA(»±µå»¤ºü)¿ÀÇÂ."
"[2]"
"1987³â ¸ñµ¿ÀÓ´ë¾ÆÆÄÆ® »çÁø.jpg"
"[4]"
"¾îÁ¦ ½ºÆ÷Ã÷Á¶¼± ¾Õ¿¡¼­"
"[1]"
"¿À¸ñ±³ Ã¢Æò ¼ø´ë±¹ ¸ÀÀÖÁö ¾Ê³Ä ??"
"[5]"
"¾çÃµ±¸¿¡"
"[1]"
"Á¸1³ª ºÒ°øÆòÇÑ°Ô"
"[2]"
"¿À¸ñ±³¿ª¿¡ Á¡½É ½Ä»ç ÃßÃµÁ» ºÎÅ¹ÇÔ"
"[2]"
"¾çÃµ°íµîÇÐ±³ À§Ä¡ ¾Æ½Ã´Â ºÐ ¼³¸í Á» ºÎÅ¹ÇÕ´Ï´Ù"
"[2]"
"¾îÁ¦ ¶Ò¹æÇö´ë¿¡¼­ ¹ºÀÏ ÀÖ¾ú³ª?"
"[1]"
"¾îÁ¦ Çö¹é¾Õ ±¤Àå Áö³ª¿À¸é¼­ ”f´Âµ¥"
"[1]"
"¿©½É »ç·Î ÀâÀº Å°½ºÀåÀÎ ³²ÀÚ¹è¿ì´Â?"
"[µð½ÃìÑÅÍºä] BP¶ó´Ï¾Æ, ´Ù½Ã Start a Fire"
"ÇÑ°¡¶÷¾Õ ÀÚÀü°Å°ÅÄ¡´ë¿¡¼­ ÀÚÀü°Å »Ç¸²´çÇÞ´Âµ¥ º»»ç¶÷¾ø³Ä?"
"[8]"
"¾çµµ ¿­¶÷½Ç 11¿ù¿¡´Â 8½Ã¿¡ ¿©´Â°Å ¾Æ´Ô?"
"[2]"
"¾çÃµ±¸ ½Ã¹Î¿©·¯ºÐÀÌ¸é ÇÊ¼ö~~~~~~~~~~"
"[6]"
"¾çÃµ±¸ ¸í¹®°íµîÇÐ±³°¡ °­¼­°í?"
"[7]"
"2È£¼± ½Åµµ¸²~±îÄ¡»ê±¸°£"
"[2]"
"  ³ª 14´ÜÁö »ç´Âµ¥"
"[1]"
"¿À¸ñ±³ ÇÁ¸®¸¶¾È¸¶"
"[2]"
"1974³â ¾çÃµ±¸ ½Å¿ùµ¿ À§ÁÖÀÇ Ç×°ø»çÁø.jpg"
"[6]"
"½ÅÁ¤³×°Å¸®¿¡ ¿À¿ë¼· ÇÇºÎ°ú ÁÁ¾Æ¿ä?"
"[3]"
"¿À¸ñ±³¿ª¿¡¼­ Àç¹ú¾ÆÁÜ¸¶¸¸³² ¤»¤»¤»¤»"
"[6]"
"¾çÃµµµ¼­°ü ¿­¶÷½Ç ¾çÆÄ¸Ô´Â¾ÆÁÜ¸¶.....!! Ãæ°Ý!"
"[2]"
"¾ßÀÌ ½Ã¹ß ¤»¤»¤»¤»¤» Á¤ÁØÇÏ°¡ ¹«ÇÑµµÀü¿¡¼­ °­¼­°í ¾ê±â ÇÏ³×"
"[4]"
"¤¤¤·¤¾¿Â"
"Çæ Áö±Ý ¸ñµ¿¿ª¾Õ¿¡ °æÂû±ò·Ç´Ù"
"[1]"
"ÀÚÀü°Å ´öÈÄ ÀÖÀ½?"
"[1]"
"¿©±â ¼³¸¶ ¾çÁ¤Áß-¾çÁ¤°í Ãâ½Å ¾øÀ½?"
"[3]"
"È«ÀÍº´¿ø ÂÊ ¸ñµ¿Á¤ °¡º» »ç¶÷??"
"[2]"
"ÆÄ¶ó°ï ÁöÇÏ¿¡ ÀÏº»½Ä ¼öÅ¸¿ìµ¿? [±³´ÙÀÌ¾ß] ¿ÀÇÂÇß´ç. °¡¼­ ¸Ô¾î”g."
"[9]"
"¾çÃµ±¸¿¡ Ã¶±Ç6  ÇÒ¸¸ÇÑ ¿À¶ô½ÇÀÕ¾î??"
"[11]"
"ÆÄ¸®°ø¿øÁ¡ ¸Æµµ³¯µå 18ÀÏ±îÁö ¸®´º¾ó ±â°£ÀÌ´Ï ¾Ë¾ÆµÖ."
"[3]"
"ÀÎÃµ ³²µ¿±¸±îÁö ÃâÅð±Ù °¡´ÉÇÒ±î¿©?"
"[3]"
"¿À´Ã ¿¹¼úÀÎ¼¾ÅÍ ¿· µ¿¹® ±Â¸ð´×Å¾ 1Ãþ¿¡ [¿ÀºÀµµ½Ã¶ô] ¿ÀÇÂÇØµû."
"[4]"
"¿¹¼úÀÎÈ¸°ü1Ãþ¿¡ ¹¹ µé¾î¼¹À½?"
"[2]"
"levelo"
"¹é¾Ï°í Ãâ½Å ¼Õ µé¾îºÁ"
"[6]"
"³ª ¼±°Åº¸°í Á¸³ª ±Ã±ÝÇØ¼­ ¹°¾îº½"
"[5]"
"¸ñµ¿¿¡ µ¼±¸Àå Áö¾îºÃ´Ù.jpg"
"[3]"
"ÄOµé ³ª ¾çÃµ±¸¿¡ ÀÜ½ÉºÎ¸§¾÷Ã¼Á¡ Â÷¸±·Á°í ÇÏ´Âµ¥ ¼ö¿ä°¡ ÀÖÀ»±î³ª?"
"[9]"
"½Å¿ù7µ¿ cmp µÎ¸¶¸®Ä¡Å² ÀüÈ­¹øÈ£¾Æ´Â»ç¶÷ÀÕ³Ä "
"[2]"
"¾çÃµ±¸¿¡ °æÀüÃ¶À»³õ´Â°Ô ±¦ÂúÀ»±î¿ä?"
"[16]"
"¿©½É »ç·Î ÀâÀº Å°½ºÀåÀÎ ³²ÀÚ¹è¿ì´Â?"
"[µð½ÃìÑÅÍºä] BP¶ó´Ï¾Æ, ´Ù½Ã Start a Fire"
"¾çÃµ±¸¿¡ Ä¬Å×ÀÏ ¸ÔÀ»¸¸ÇÑ°÷"
"[3]"
"¿À´Ã Çö¹é1Ãþ¿¡ »§Áý [¸£ ¾Ë¶ó½ºÄ«] ¿ÀÇÂÇØµû."
"[5]"
"ÁøÁß±Çµµ ¾çÁ¤°íÃâ½ÅÀÌ³×.."
"[6]"
"±×Àú²² ½ÅÁ¤³×°Å¸® ·Ôµ¥¸®¾Æ¾Õ¿¡ ¿ÀÅä¹ÙÀÌ»ç°í³ª½ÅºÐ ¾î¶»°ÔµÇ¼Ë³ª¿ä?"
"7´ÜÁö¿Í ¿¹¼úÀÎ¼¾ÅÍ »çÀÌ¿¡ È¾´çº¸µµ+½ÅÈ£µî ¼³Ä¡ÇÏÀÚ´Â ¼Ò¸®°¡³ª¿Ô¾î."
"[3]"
"Àç¿±ÀÌÄOÀÌ ¿À¸ñ±³¿ª¿¡ ¿¡½ºÄÌ·¹ÀÌÅÍ ¼³Ä¡ÇÑ´Ù³×."
"[7]"
"°­¼­ ¾çÃµ ¸¶Æ÷ ¤²¤µµé-¹Ú¿ø¼ø¶§¸Å ¼­ºÎ¹ßÀü¸ê¸Á"
"[2]"
"¾çÁ¤,°­¼­°í ¾²·¹±â ÇÐ±³ÀÔ´Ï´Ù Àý´ë ¿ÀÁö¸¶¼¼¿ä."
"[12]"
"¾çÃµ±¸Ã»Àå ±è½ÂÁ¦ÈÄº¸·ÎºÎÅÍ ÀÌ¶õ ¹®ÀÚ°¡ ¿À³×"
"[5]"
"¸ñµ¿ÀÌ ÇÊ¿äÇÑ °Í ¸®½ºÆ® º¯°æ"
"[2]"
"½Å¿ùµ¿ ÁöÇÏÃ¶Àº ÀÌ·¸°Ô ³õÀ¸¸é ÁÁÁö ¾Ê°Ú³Ä ?????????"
"[6]"
"¾ç°¶·¯µé¿Í µ¶¼­½Ç ÃßÃµÁ» ÇØÁà(CLÄOµµ ºÁ)"
"[5]"
"¸ñµ¿¿¡¼­ ÀÇ»ç¾Öºñ¾Ö¹Ì µ×´Ù°í ÀÚ¶ûÇÏ´Â³ð º¸¼Ò"
"[3]"
"¸ñµ¿¿ª 1¹øÃâ±¸ ¼­¹®¼® Çï½º ÀÌ¿ë±Ç ¾çµµ!!"
"[9]"
"½Å¿ùµ¿ ¾ê±ä ÇÏ³ªµµ ¾ø³×.."
"[4]"
"±è¼ö¿µÀÌ¶û Á¤º°Áø? µÇ°Ô µ¹¾Æ´Ù´Ï³×"
"[2]"
"¿ä»õ ÇÇ½Ã¹æ ¾Ë¹Ù žÍÄÉ ÀÌ»Ú³Ä"
"[1]"
"¿¹¼úÀÎ¼¾ÅÍ ¾÷µ¥ÀÌÆ®. "
"[1]"
"Çö´ë¹éÈ­Á¡ ¾Õµµ ÁÁÁö¸¸ Á»´õ È®½ÇÇÑ ¿©±âµµ ±â´ëµÊ"
"[6]"
"¾ß ±Ùµ¥ ¾çÃµ±¸=¸ñµ¿ÀÌ³Ä??"
"[2]"
"¸ñµ¿Àº ¿©±â °Ç¹° ¸ø ¿Ã¸®¸é ÈûµéµíÇÏ´Ù..."
"[30]"
"±³À°µµ½Ã ¾çÃµ¿¡ Ã»´ã Ç³ÀÇ Å¬·´³»Áö´Â È£ÅÚÀÌ µé¾î¿Â´Ù¸é?"
"[10]"
"Çüµé ½Å¿ù7µ¿ ½ÅÁ¤ ÀÌÆæÇÏ¿ì½º ÅõÀÚ°¡Ä¡·Î ¾î¶¶??"
"[3]"
"7´ÜÁö 30Æò´ë ¹æ4 ¤¾¤§¤§"
"[8]"
"±¸Ã»Àå°ú ¼­¿ï½ÃÀå ´©°¡ÁÁÀ»±î"
"[7]"
"½ÅÁ¤³×°Å¸® ´øÅ² ¸î½Ã¿¡ ¹®¿­¾î??"
"½ÅÁ¤³×°Å¸®¿¡ Å¸ÄÚ¾ß³¢ ¾ðÁ¦ ¾îµð¼­ÆÈÁÒ?"
"¾ß ¸ñ5µ¿¿¡¼­ ÆÑ½º ¾µ¼öÀÖ´Â°÷ ¾îµð³Ä?"
"»ì±âÁÁÀº ¾ç±¸"
"[3]"
"½Å¿ù7µ¿ Áö¾ç»ê°ú ½Ã¿µ¾ÆÆÄÆ®°¡ ¾²·¹±â ¸Å¸³Áö¶ó´Â°Ô ÁøÂ¥³Ä??"
"[4]"
"¿©½É »ç·Î ÀâÀº Å°½ºÀåÀÎ ³²ÀÚ¹è¿ì´Â?"
"[µð½ÃìÑÅÍºä] BP¶ó´Ï¾Æ, ´Ù½Ã Start a Fire"
"¿À¸ñ±³, ¸ñµ¿ ÁÖº¯¿¡ ¸ÀÀÖ´Â °í±êÁý ÃßÃµÁ»"
"[4]"
"ÃßÀç¿± ÈÄº¸ °ø¾àÁß¿¡"
"[1]"
"¼­¿ï ¼­ºÎ±Ç µ¿³× ¼øÀ§"
"[10]"
"Âü ¿¹¼úÀÎ¼¾ÅÍ ¾÷µ¥ÀÌÆ®.."
"¸ñµ¿¿¡ ´ÚÅÍÆäÆÛ ÆÄ´Â ¸¶Æ® ¾ø³ª¿ä"
"[1]"
"±è°©¼öÇü´ÔÀÌ ÅäÅ©ÄÜ¼­Æ®¸¦!"
"Á¤Çü¿Ü°ú¿¡¼­ ¹°¸®Ä¡·á¹ÞÀ»°Çµ¥ ÃßÃµÁ»"
"[1]"
"³»º¸±â¿£ sbs ¾ÕÂÊ ºñ¾îÀÖ´Â ±¸À¯Áö(°ø¿µÁÖÂ÷Àå ¾Æ´Ï¸é ¸ðµ¨ÇÏ¿ì½º)"
"[4]"
"cbs1ÃþÀÇ ÇÑ¹æ¸ÖÆ¼¼¥ º¸¿ò ¿©±â´Â Àå»ç ÀßµÇ³Ä?"
"[2]"
"Çö¹é1Ãþ Ä«Æä ¾Ë¶ó½ºÄ«? µé¾î¿Â´Ù."
"[3]"
"7´ÜÁö ±ÙÃ³ Çö´ëÈÖÆ®´Ï½º ÀÖ´Â °Ç¹° 1Ãþ¿¡ Äá³ª¹°±¹¹äÁý ¿ÀÇÂÇØµû."
"[4]"
"¿¹¼úÀÎ¼¾ÅÍ »ó¾÷½Ã¼³ ¸ð¸ðµé¾î¿À´ÂÁö ¾÷µ¥ÀÌÆ® ÇÑ´Ù."
"[16]"
"½Å¿ù1µ¿¿¡ °¡°Ý ½Ñ ÇÇ¾¾¹æÀÖ³ª..?"
"[1]"
"¸ñµ¿Áß¾Óµ¶¼­½Ç   ¼ºÀÎµ¶½Ç  ÀÖ´Âµí...."
"¾çÁ¤°í¾ÖµéÀº Á» ºÁÁà¶ó Æ¯È÷ Áö±Ý °í3ÀÎ¾Öµé"
"[5]"
"¿À·£¸¸¿¡ ÀÔ°¶"
"½ÅÆ®¸®¾ÆÆÄÆ® ÀÌ¸§ÁÁÀºµ¥ ¿Ø ¶á±Ý¾ø´Â ½Å¸ñµ¿¾ÆÆÄÆ®"
"[2]"
"½Å¿ùµ¿"
"ºÎÃµ ¾à´ëµ¿ »ìÀÎ»ç°Ç ¹üÀÎÀÌ ¸ñµ¿ ÁÖ¹Î"
"[3]"
"µå¸²Ä«ÇÇ ¾çÃµ±¸½Å¿ùµ¿ Ãâ·Â,º¹»ç,Á¦º»°¡´ÉÇÑ°÷"
"¸ñµ¿ÀÌ³ª, ½ÅÁ¤À¸·Î ÀÌ»ç°¡·Á°í ÇÏ´Âµ¥. µ¿³× ÃßÃµÁ». ºô¶ó·Î°©´Ï´Ù"
"[4]"
"¾çÃµ±¸´Â ¸¶À»¹ö½º ¿ÖÀÌ¸® ¾ø³Ä?"
"[3]"
"¸ñµ¿ °æÄ¡ ³Ê¹« Á¶Àº°Å°°´Ù"
"[4]"
"¼ÛÇöÇÐ¿ø ´Ù³æ°Å³ª ´Ù´Ï´Â»ç¶÷? Àß ¾Æ´Â »ç¶÷?"
"[1]"
"¸ñµ¿¿¡ »ç¾çÁÁ°í ÄèÀûÇÑ ÇÇ½Ã¹æ ¾îµðÀÖ³ª¿ä"
"[5]"
"ÀÚºñ·Î¿î ¾ç°¶·¯µé¾Æ °¡±î¿î ÄÄÇ»ÅÍ ÇÐ¿øÁ» ÃßÃµÇØÁà.(ÄÄÇ»ÅÍ È°¿ë´É·Â1±Þ)"
"[2]"
"¾çÃµ±¸ÁÖº¯¿¡ ±¦ÂúÀº ½Ç¿ëÀ½¾ÇÇÐ¿ø¾ø³Ä??"
"[1]"
"¾çÁ¤°í ¹®µ¹½Ã 2°¡ 414¶ß¸é Á¿? "
"[4]"
"¿äÁòµµ ¹é¾Ï ½Îµ¥±â¸ÂÀ½???"
"[10]"
"To ¤¤¤·¤¤¤·ÄO/ ¿äÀÚ ÄO"
"[1]"
"¿©½É »ç·Î ÀâÀº Å°½ºÀåÀÎ ³²ÀÚ¹è¿ì´Â?"
"[µð½ÃìÑÅÍºä] BP¶ó´Ï¾Æ, ´Ù½Ã Start a Fire"
"¸ñµ¿ÂÊ¿¡ ¹è´ÞµÇ´Â Ä¡Å²½Ñµ¥Á» ÃßÃµÇØÁà ¤Ð¤Ð"
"[2]"
"½Å¿ù1µ¿ ³Ñ³Ñ Â¯³ª±á"
"[2]"
"¼­³²±Ç¿¡ ´ë±Ô¸ð ¼îÇÎ¸ô ·¯½¬ Á¤¸» Àå³­¾Æ´Ï´Ù."
"[1]"
"¸ñµ¿¿¡ °øÇ×¹ö½º ³ë¼± »ý±è?"
"[8]"
"½Åµµ¸²µµ ¹ü ¸ñµ¿±ÇÀ¸·Î ÆíÀÔ½ÃÄÑÁà¾ß °Ú´Ù.(½Åµµ¸²±Ç µûÀ© Àý´ë ¾ø´Ù.) "
"[6]"
"Ä¡°ú ½ºÄÉÀÏ¸µ ½Î°í ÀßÇÏ´Â°÷ ÃßÃµÇØÁÒ!"
"[1]"
"ÇÐ±³Æø·Â,±¸Å¸ ¾ø´Â °÷¿¡¼­ È­¸ñÇÏ°Ô °øºÎ¿¡ ¿­ÁßÇÏ°í ½Í´Ù¸é"
"[12]"
"ÆÄ¶ó°ï ÁöÇÏ(¾ûÅÍ¸® »ý°í±â ¿·) ¼öÁ¦ µµ½Ã¶ôÀü¹®Á¡ º¥¶Ç¶û? »ý°å´Ù."
"[12]"
"7´ÜÁöÂÊ »ó°¡ ³²ÁÖÈñ À½¾ÇÇÐ¿ø 1Ãþ¸¸ ¾ø¾îÁö°í Äá³ª¹°±¹¹ä?Áý »ý±ä´Ù."
"[2]"
"¿À´Ã ¿À¸ñ°ø¿ø¼­ µå¶ó¸¶ º¸Áö(º¸½º¸¦ ÁöÄÑ¶ó) ÃÔ¿µ ÇÏ´Â°Å ºÁµû."
"¿À´Ã º¸´Ï±î ÆÄ¶ó°ï ÁöÇÏ¿¡ ½ºÄðÇªµå ¿ÀÇÂÇß´õ¶ó."
"[4]"
"µåµð¾î °­¼­±¸¿¡µµ ¹éÈ­Á¡ÀÌ °³°üÇÏ´Â±º. ÀÌ¹øÁÖ ¸ñ¿äÀÏ NC¹éÈ­Á¡ÀÌ´Ù."
"[3]"
"¸ñµ¿ ½Å¸ñÁß¾Õ¿¡ ÇÇÀÚ½ºÄð ¸ÀÀÖÀ½?"
"[4]"
"¹Úº¸°Ë¸»ÀÌ¾ß"
"[1]"
"ÄO¾Æµé ¸ñ2µ¿ÂÊ¿¡´Â ¸ÀÀÕ´Â ¹è´ÞÇÏ´ÂÁýÀÌ Á¸Àç¾ÈÇÔ ?????"
"[1]"
"ºó º´ ÆÈ °÷ ¾ø³ª..'¤±'"
"¾ß ÀÌ°ÍÁ»¹Ù¹Ù"
"[4]"
"Áß°£°í»ç²ö³ª°í³îÀÚ"
"[2]"
"¿¹ºñ±º °ú¸²ÈÆ·ÃÀå ½Å¿ù1µ¿¿¡¼­ Â÷·Î °¡·Á°íÇÏ´Âµ¥ ¾îµð·Î °¡¾ß ¾È¸·È÷³ª¿ä?"
"ÀÏº»°¬´Ù¿Ô¾û ÄOµé"
"[6]"
"ÇÇ½Ã¹æÀº ½ºÀ§Æ¼,µµ½Ã¶ô ÇÇ½Ã¹æÀÌ Ë£¾Æ´Ô?"
"[3]"
"Áø¸í¿©°í ¾î¶§¿ä?"
"[5]"
"¾ç°¶ÀÌ ÁÁÀºÁ¡"
"³ª ¼¼ºìÀÏ·¹ºì ¾Ë¹ÙÀÓ"
"[5]"
"¿µµµÃÊµîÇÐ±³ Á¹¾÷ÇÑ 90³â»ýµé ¾ø³Ä"
"[2]"
"¾ßÀÌ ½Ã¹ß»õ³¢µé¾Æ"
"[1]"
"¿À´Ã ¸ñµ¿ ½ºÆ÷Ã÷ Á¶¼± ºôµùÀÌ¶û ±× ¿·ºôµù »çÀÌ¿¡¼­ Äô¼Ò¸® ³µ´Ù´øµ¥ ¤§¤§"
"[5]"
"¼ÖÁ÷È÷ ¸ñµ¿¸¸Å­ »ì±â ÁÁÀº µ¿³× µå¹°´Ù"
"[1]"
"ÀÌ¹ø¿¡ ¿µµîÆ÷·Î ÀÌ»ç °¬´Âµ¥ ¾ÈÅ¾±õ´Ù...."
"[3]"
"¾çÃµ°¶ Àç¹Õ´Ù."
"[2]"
"¿©½É »ç·Î ÀâÀº Å°½ºÀåÀÎ ³²ÀÚ¹è¿ì´Â?"
"[µð½ÃìÑÅÍºä] BP¶ó´Ï¾Æ, ´Ù½Ã Start a Fire"
"¸ñµ¿¿À°Å¸®, ¸ñµ¿»ç°Å¸®, ¿À¸ñ±³¿ª ÂÊ¿¡ Á¶¿ëÇÑ Ä«Æä ÃßÃµ Á»"
"[2]"
"¿À¸ñ±³¿ª ±ÙÃ³¿¡ ³²ÀÚ ¸Ó¸® Á» ÀÚ¸£´Â Çì¾î¼¥ ¾ø»ï?"
"[2]"
"°³¿ïÀÛÀºµµ¼­°ü? ÀÌ°Å ½ÅÁ¤4µ¿ ¹®È­¼¾ÅÍ¿¡ ÀÖ´Â°Å¸»ÀÌ¾ß"
"[1]"
"³ª´Â ¾¾¾Ø¾¾°­»ç´Ù"
"[1]"
"¸ñµ¿¿ª ÀÏ¹øÃâ±¸¿¡ ÀÖ´Â ¼ö¼±Áý ´ë¹Ú¤»¤»¤»¤»¤»¤»¤»¤»"
"[1]"
"±³º¸¹®°í Á¡¿ø Á¸³ª ÀÌ»Ú´õ¶ó... ÁøÂ¥ ²À ºÁ¶ó.  "
"[6]"
"¿À´Ã º¸´Ï±î Àá¹ÙÁÖ½º ¿ÀÇÂÇß´õ¶ó."
"[1]"
"È¤½Ã ¸ñµ¿ 2´ÜÁö »ç´Â»ç¶÷ ÀÖÀ½? ½Å¸ñÁß¿·¿¡"
"¸ñµ¿ ¸ð ¼öÇÐÇÐ¿ø ¾ê±äµ¥.."
"[3]"
"¿À´Ã ÃÊÁß°í Àç·®ÈÞÀÏÀÓ?"
"[1]"
"½ÅÁ¤³×°Å¸® ¹Ì¿ë½Ç ¤º¤ºÁ»~"
"[6]"
"¸ñµ¿ ´ÙºñÄ¡ ¾È°æ¿ø~!!"
"[3]"
"´ëÇÑ¹Î±¹ ÇÇ½Ã¹æ ±¦ÂúÁö ¾ÊÀ½???"
"[1]"
"º¸º¸½º PC¹æ Á¸³ªÁÁ¾Æ Â¯Â¯"
"[1]"
"¶ó¸é¸¶½ÃÂÄ"
"[2]"
"¾çÃµ±¸ ÅëÆ²¾î¼­ °¡Àå½Ñ ÇÇ¾¾¹æ ÃßÃµÁ»"
"[5]"
"¿äÁò 14´ÜÁö¿· ÁÖÅÃ°¡ÂÊÀÌ º¯È­ÇÏ°íÀÖÀ½"
"Ä«¶ó ÆÒ»çÀÎÈ¸ ÇÏ°í ½ÍÀº »ç¶÷ ¸ñµ¿ ±³º¸¼­ ¾Ù¹ü»ç¶ó."
"[1]"
"¿äÁò ºñÇà±â ¼ÒÀ½ÀÌ  ´õ ½Ã²ô·¯¿ö Áø°Å°°À½.."
"[2]"
"½ºÆÄ¿À ¿À´Ã ¿ÀÇÂÇß³×."
"½Å³×¿¡ ÀÌµð¾ß »ý°å´Ù ¸¸½¦~!"
"[1]"
"ÀÌ µ¶¼­½Ç ÇØ¾ßÇÏ³ª? ÇÔ ºÁºÁ"
"[1]"
"¿äÁò ½Å¿ù1µ¿ ÇÐ»ýµé ¿ÖÀÌ·¯³Ä ?"
"[3]"
"½Å¸ñµ¿ °³¸íÀº ¾îÄ³µÊ?"
"[6]"
"½Å¸ñ°íÇÐ»ýµé ºÁ¤ÓºÁ"
"[2]"
"Çüµé ¾çÃµ±¸¿¡ Àß Â¥¸£´Â ¹Ì¿ë½Ç ¾îµðÀÖ¾î?"
"[6]"
" ¾çÃµ±¸¿¡ ±¦ÂúÀº"
"[10]"
"Àç¼ö»ý °¡¸£Ä¡´Â ¼öÇÐÇÐ¿ø ..."
"[1]"
"Çà¼¼¾È¿¡ »õ·Î»ý±ä ¾Ö½¶¸® °¡º» Çüµé ¾øÀ½?¤»¤»¤»"
"½ÅÁ¤³×°Å¸®ÂÊ¿¡ »çÁÖº¼¸¸ÇÑ°÷ ÀÖ³ª?"
"¿©½É »ç·Î ÀâÀº Å°½ºÀåÀÎ ³²ÀÚ¹è¿ì´Â?"
"[µð½ÃìÑÅÍºä] BP¶ó´Ï¾Æ, ´Ù½Ã Start a Fire"
"¿¹¼úÀÎ¼¾ÅÍ 1Ãþ ±¸Á¶ ´ë°­ º¸ÀÌ´õ¶ó."
"[1]"
"°Ç¿µ¾ÆÆÄÆ® »ç´Â »ç¶÷ ¾ø³Ä"
"[1]"
"ÃÖÈ­Á¤ ºÃ¾ý¤»¤»"
"[7]"
"¾çÃµ±¸¿¡ ¸®°× ¿À¶ô½Ç ÀÖ´Â°÷Á» ¾Ë·ÁÁÖ¶ó"
"[3]"
"CBS¾È¿¡ GS25´Ù½Ã ¿­¾ú³×."
"µ¶¼­½Ç ¾Ë¹Ù ±¦ÃáÇÑ°Å ¾÷³ª? ÇØº¼±î »ý°¢ÁßÀÎµ¥."
"[6]"
"½Å¸ñµ¿¿ª¿¡ ÀÚÀü°Å ÁÖÂ÷ÀåÀÎ°¡..?"
"[7]"
"¾çÃµ±¸ ¸ñµ¿ Áý³ª°£ »ç¸ð¿¹µå '¼³±â'¸¦ Ã£½À´Ï´Ù."
"[3]"
"¼ÖÁ÷È÷ ÇÁ·Î¾ß±¸ ¸ñµ¿¿¡¼­ ¾ÈÇßÀ¸¸é ÁÁ°Ú´Ù."
"[7]"
"¸ñµ¿¼º´ç ½ÅÀÚ ÀÖÀ½???"
"[7]"
"È÷¹ã.. ÆÄ¸®Å©¶ó»ó Á¹ ºñ½Î³×."
"[2]"
"ÆÄ¶ó°ï ¾ÆÄÉÀÌµå¿¡ ¸ÔÀ»°Å ¸î°³ ´õ »ý±â³×."
"[3]"
"¿©±â ÄOµéÀº ¹«½¼ ¸Ô´Â°÷ ÀÌ·±°Å µÇ°Ô ºü»èÇÏ³×"
"[7]"
"¸ñµ¿¿ªÀ» ÁßÁ¡À¸·Î °¡°Ôµé Á» ¹°¾îº¼°Ô"
"[7]"
"Çö´ë¹éÈ­Á¡ ÁöÇÏ ´øÅ²µµ³Ó ¸ÂÀºÆí¿¡ ½º¹«µð Àü¹®Á¡ »ý±â±ä ÇÏ³×."
"[4]"
"½ºÅÂÇÁ ÇÖµµ±×µµ »ý°åÀ¸¸é ÁÁ°Ú´Ù."
"[3]"
"¸Á°í½Ä½º³ª »ý°åÀ¸¸é ÁÁ°Ú´Ù. ¤»¤»"
"[1]"
"¿Ó½¼ ÀÚ¸®¿¡ ½ºÆÄ¿À ÀÔÁ¡ ¿¹Á¤."
"[3]"
"¿À¸ñ±³ ±ÙÃ³ Æ÷Â÷ -_-"
"[4]"
"¸í¸ñÀÌ ¹ÌÄ£°³°´Èñ´Â ¿À´Ãµµ ¼³Ä¡³×."
"[1]"
"°³ÇÐÇÏ´Ï ¾çµµ°¡ ¸Å¿ì ÇÑ»êÇÏ´Ù"
"[3]"
"¾çÃµÀÎµéÀº ¿øÈñ·æÀÌ ¼­¿ï½ÃÀå ³ª°£´Ù°í ÇÏ¸é ¹Ð¾îÁÖÀÚ."
"[9]"
"Çàº¹ÇÑ¼¼»ó 5Ãþ ¿¡½¶¸® ÀÔÁ¡"
"[3]"
"¹ö°ÅÅ· ¾ÆÀÌ½º¾Æ¸Þ¸®Ä«³ë"
"[1]"
"¾çÃµ»À´Ù±Í Á¸³» ¸À ¾ø´øµ¥ -_-; ¼­ºñ½ºµµ °³ÆÇ -_-;"
"[5]"
"¾ß ½ÅÁ¤³×°Å¸® ¿ª ¿·¿¡ ±× ºÐ¼ö´ë ¿·¿¡ ÀÖ´Â °Å ÀÖÀÝ¾Æ "
"[2]"
"¾çÃµ±¸¾È¿¡¼­ ½Å°æÁ¤½Å°ú ÃßÃµÁ» ÇØÁà Á¦¹ß "
"[3]"
"ÃßÀç¿± Àü ±¸Ã»Àå ÇÑ³ª¶ó´çÀ¸·Î º¹´çÇß³×.."
"[4]"
"¾çÃµ±¸ Ä¿ÇÇÁý¿©±â°¡Á©Â¾´Ù"
"[4]"
"½Å±³Çì¾î ¿äÁòµµ Àß ÀÚ¸£³ª?"
"[2]"
"¿©½É »ç·Î ÀâÀº Å°½ºÀåÀÎ ³²ÀÚ¹è¿ì´Â?"
"[µð½ÃìÑÅÍºä] BP¶ó´Ï¾Æ, ´Ù½Ã Start a Fire"
"¿Ó½¼ÀÚ¸®¿¡ ¸ð µé¾î¿Ã±î?"
"[2]"
"¿¹¼úÀÎ¼¾ÅÍ °ø»çÆæ½ºµµ Ä¡¿ö¹ö·È´Ù."
"[3]"
"ÆÄ¸®Å©¶ó»ó »ç¶÷ ¾öÃ»¸¹³×.."
"[2]"
"7´ÜÁö ÂÊ¿¡ ½ºÄõ½Ã µÇ´Âµ¥ ¾îµøÁö?!"
"[7]"
"¸ñµ¿ ¿Ó½¼ ÅðÁ¡."
"[7]"
"½Å¿ù½Ã¿µ¾ÆÆÄÆ® µ¿ ¹èÄ¡°¡ ¾Æ½ºÆ®¶ö ÇÏÁö ¾Ê³Ä ?"
"[6]"
"¹ã ´Ê°Ô±îÁö ¿©´Â °í±êÁý ¾ø³ª?"
"[2]"
"º»°¡Â¥Àå ÀÌ¶õµ¥ ¸ÀÀÖ´øµ¥"
"[2]"
"¸ñ5µ¿ »ç´Âµ¥ Çï½ºÀå ÃßÃµÁò¿©..."
"[6]"
"¾îÁ¦ UFO°°Àº°Å ¸ø ºÃ³Ä?"
"[4]"
"¸ñµ¿¿¡¼­ À¯³­È÷ ÀßµÇ´Â °¡°Ô "
"[7]"
"¿¹Àü GS25ºÎÁö ¹«½¼ ÇÑ¹æ ¸ÖÆ¼¼¥? °¡Æ°°Å µé¾î¿Â´í´Ù."
"[4]"
"ÀÌ¸¶Æ® ¾Æ·¡ Çï½ºÀå ÁÁ³ª¿ä?"
"[6]"
"¿Ö ¸ñµ¿¿£ ½º¹«µðÅ·ÀÌ ¾ø´Â°É±î..."
"[8]"
"³ª´Â ½Å¿ù1µ¿ ÁÖ¹ÎÀÌ´Ù"
"[3]"
"¿À¸ñ±³·ÎÇÏ½º ¾ß°£¾Ë¹Ù ·¹¾ËÁ¸³ª½¬¿ò"
"[5]"
"ÄO ´©³ªµé"
"[5]"
"½Å¸ñ°í ÁÁ³Ä?"
"[8]"
"ÆÄ³ª¸Þ¶óÂ¥ÀÀ´ÔÀº º¾´Ï´Ù."
"[5]"
"´Ôµé ±æ¹Ù´Ú Áö³ª´Ù´Ò¶§ Á¶½ÉÇØ"
"[1]"
"´ÙÀÌ¾îÆ® ³Ê¹« Èûµé´Ù.."
"[2]"
"¸çÄ¥°£ Áöµ¶ÇÑ Àå¿°¿¡ ½Ã´Þ·È´Ù. ¸ö¹«°Ôµµ 4Å°·Î³ª ºü º´Ù."
"[4]"
"¿À´Ã ÆÄ¸®Å©¶ó»ó ¿ÀÇÂÇß´õ¶ó. »ç¶÷ ¸¹´õ¶ó."
"[2]"
"12´ÜÁö µ¶¼­½ÇÀÎ°¡ °Å±â ÃÑ¹«´Â ´ëÃ¼ ¹¹ÇÏ´Â ÀÚ¸®³Ä?"
"[1]"
"³¯¾¾°¡ ²Ù¸®²Ù¸®ÇÑµ¥"
"¤»Á©¸®ºó¤»"
"[3]"
"¾çÃµ±¸¿¡¼­ ¿©ÀÚ¶û ´ÜµÑÀÌ ¼ú¸¶½Ã±â ÁÁÀº°÷Á» ¾Ë·ÁÁà"
"[5]"
"ÇÁ¸®¹Ì¾ö ¾Ö½¶¸® ¿ÀÇÂ ¾ðÁ¦¾ß"
"[3]"
"½Å¸ñÁßÇÐ±³ ºÎ±Ù µ¶¼­½Ç ÃÑ¹«ÇÏ½ÇºÐ ¤»¤»"
"[1]"
"¿¹¼úÀÎÈ¸°üÀÌ 10¿©³â °ø»çÁß´ÜÇØ¼­ ºÒ¾ÈÇÏ´Ù°í »ý°¢ÇÏ´Â »ç¶÷ ÀÌ°ÅºÁ¶ó."
"[2]"
"¿©½É »ç·Î ÀâÀº Å°½ºÀåÀÎ ³²ÀÚ¹è¿ì´Â?"
"[µð½ÃìÑÅÍºä] BP¶ó´Ï¾Æ, ´Ù½Ã Start a Fire"
"[Ãµ±â´©¼³] !! ¸ñµ¿ ¿¹¼úÀÎÈ¸°ü¿¡ ¸ð¸ð µé¾î¿À´ÂÁö ¾Ë·ÁÁØ´Ù."
"[4]"
"½Å¸ñ°í ¹Úº¸°Ë ÁßÇÐ±³¶§´Â ±×³É Á»»ý±è ±×Á¤µµ¿´´Âµ¥"
"[6]"
"[Æß] ¸ñµ¿¿ª ±Í½ÅÀÌ¾ß±â"
"[2]"
"ÆÄ¸®Å©¶ó»ó ¸¹ÀÌ ²Ù¸ç³ù´õ¶ó ¤¾"
"[3]"
"¾ß ³ª ¿À´Ã ÆÐ±â³ÑÄ¡´Â ¹è³ª¹« ºÃµû "
"[1]"
"2013³â±îÁö ±Û 1¸¸°³ µ¹ÆÄ °¡´ÉÇÒ±î"
"[5]"
"¾ß ºÎ°¶·¯µéÀÌ »ý°¢ÇÏ´Â ¸ñµ¿ÀÌ¹ÌÁö´Ù ¤»¤»"
"[4]"
"ºñ ¸¹ÀÌ¿Ô´ø³¯ÀÇ ¾È¾çÃµ"
"[2]"
"¾ß ³ª °³±×¸Ç Á¹¶ó ¸¶´Ï ºÃµû"
"[2]"
"¾çÃµ±¸ Èí¿¬·ü ³ô³ª?"
"[1]"
"ÀÌ·±¿©ÀÚ ¸Å·ÂÀÖ´Ù"
"[7]"
"¾ç°¶ Á¤¸ð ¿¹»ó ½Ã³ª¸®¿À´Ù."
"[2]"
"³ª °­¼­°í ´Ù´Ò¶§µµ ÆÄ¹úÀÌ ÀÖ¾úÁö..."
"[1]"
"¾çÃµ±¸ÂÊ ÇÐ±³ÀÎ°Å°°Àºµ¥ ¤»¤»¤»ÀÌ±³º¹¾îµð²«ÁÙ¾Æ½Ã´ÂºÐ"
"[8]"
"¾çµµ ¼ºÀÎ¿­¶÷½Ç¿¡ ¸ó³ðÀÇ ¼ö´ÉÆ¯°­ ±³Àç ÀÖ´Â ¾ÖµéÀÌ ÀÏÄÉ ¸¸³Ä?"
"[8]"
"ÀºÇý·Î ¿­·ÁÁø ±â¸§Áø ¹ç"
"[1]"
"µ¿³×¿¡ ¾Æ¿ìµð³ª bmw º¥Ã÷´Â ¸¹¾Æµµ"
"[4]"
"¾çÃµ±¸¸¸¼¼"
"[3]"
"¿À´Ã 4´ÜÁö ¾Õ¿¡¼­ ¹¹ ´º½º ÃÔ¿µÇÏ´øµ¥"
"¿ä»õ Å¸ÄÚ¾ßÅ°Æ®·° ¾îµøÀ½?"
"[1]"
"±×·¯°í º¸´Ï ³ª ¸ñÀÏÁß ½ÃÀý¿¡¤»¤»"
"[5]"
"¾ß ¿¹Àü¿¡ ¾ç°¶ Á¤¸ðÇß¾ú¾î??"
"[2]"
"¾çÃµ±¸ ±³ÅëÁ» ½Ï´Ù °¥¾Æ¾þÀ» ÇÊ¿ä°¡ ÀÖµû"
"[5]"
"¾çÃµµµ¼­°ü 24½Ã°£ °³°üÀÓ?(¿­¶÷½Ç)"
"[4]"
"¾Æ¿À ¿äÁò ºñÇà±â ¼ÒÀ½ ´Ù½Ã ½ÉÇØÁü"
"[6]"
"°³ ½´¤ÓºÎŽú³ðÀÇ ºñÇà±â"
"[1]"
"¾çÃµ±¸¿¡ ¼ö¿µ½Î°Ô ¹è¿ï¼öÀÖ´Âµ¥ ¾ø³Ä?"
"[2]"
"»¡¸® ½Å¿ùµ¿À» ¶ß°í ½Í´Ù."
"[3]"
"¿À´Ã ¾ÆÄ§ 7½ÃÂë"
"[2]"
"Ãæ°ÝÀÌ´Ù. GS25°¡ ¾ø¾îÁö´Ù´Ï"
"[3]"
"¿©½É »ç·Î ÀâÀº Å°½ºÀåÀÎ ³²ÀÚ¹è¿ì´Â?"
"[µð½ÃìÑÅÍºä] BP¶ó´Ï¾Æ, ´Ù½Ã Start a Fire"
"¾Æ¿ì ½Ã¹ß »õº®¿¡µµ ¸Å¹Ì»õ³¢°¡ ÃÄ¿ì³×"
"[2]"
"¸ñµ¿¿¡ ¿ÀÄÚ³ë¹Ì¾ßÅ° ÇÏ´ÂÁý ¾øÀ½?"
"[3]"
"´ã¹è ¶Õ¸®´Â °÷Á»"
"[2]"
"¾çÃµ±¸¿¡ ´ã¹è ¶Õ¸®´Â °÷ ÀÖ³Ä?"
"[2]"
"°­¼­ ÃÊµîÇÐ±³ °­½ÅÁß Å×Å©Åº 86³â»ý ÀÖ³Ä?"
"[2]"
"¸ñµ¿ÀÇ ½ºÄ«ÀÌ¶óÀÎ.jpg"
"[5]"
"¾çÃµ±¸³ª ¸ñµ¿À¸·Î ÀÌ»ç¿Â»ç¶÷"
"[6]"
"°­¼­°í ¼öÁØ¾î´ÀÁ¤µµ?"
"[3]"
"¾çµµ ¿­¶÷½Ç¿¡¼­ ¿ÖÀÌ·¸°Ô ¾²·¹ºü ÁúÁú²ø°í´Ù´ÏÁö"
"³ªµµ ¾çµµ ÆóÀÎ °í3ÀÎµ¥"
"[1]"
"¼­ºÎÆ®·°ÅÍ¹Ì³Î µÚ¿¡ ½ÅÁ¤ÀÌÆæÇÏ¿ì½º ÀÌ»ç¿Ô´Âµ¥ ÈÕÇÏ´Ù.."
"[7]"
"[Vote] È«Á¤Àº, È«¹Ì¶õ ÀÛ°¡ÀÇ ÀÛÇ° Áß ÃÖ°í¶ó°í »ý°¢µÇ´Â ÀÛÇ°Àº?"
"°íµù‹š·Î µ¹¾Æ°¡°í½Í´Ù"
"[1]"
"¾ç°¶ Á¤¸ð ¿¹»ó»çÁø"
"[5]"
"¿À´Ã ¾çµµ¿¡¼­ Á» ÀÌ»óÇÑ »ç¶÷ ¸ñ°Ý ¤»¤»"
"[4]"
"°í±³¼±ÅÃÁ¦ ¹é¾Ï¿¡´ëÇØ °£·«È÷.."
"[5]"
"¾ç°¶Àº Á¤¸ð¾ÈÇØ?"
"[1]"
"¼­¼­¿ï È£¼ö°ø¿ø¿¡¼­ ¸Æ³¯ÀÌ³ª ·Ôµ¥¸®¾Æ È¨¼­ºñ½º ½ÃÅ°¸é ¿À´Â°÷ ÀÖ³ª¿ä?´¾?"
"[4]"
"½Å¿ù1µ¿ÀÌ´Ù ´¾´¾"
"»ç´ë¹® ÀÌ¶ó´Â Áß±¹Áý ¾îµø´Â°ÅÀÓ?"
"¾ÆÀÌÆÌÀÌ°®°í½ÍÀºµ¥"
"±Ùµ¥ ¾çµµ ¼ºÀÎ¿­¶÷½ÇÀº ¿Ö±×·¸°Ô ÀÎ±â°¡ ¸¹À½?"
"[4]"
"¾çÁ¤°í ÃàÁ¦´Â"
"[26]"
"´Þ´ÞÇÑ ÅÁ¼öÀ°Áý ¾ø³ª?"
"[2]"
"ÇÏ´Ã ¿ÏÀü ÆÄ¶þ°í ÁÁ´Ù"
"±¹°ú¼ö°¡ ³»³â¸» ¿Å°Ü°£´Ù´Âµ¥..."
"[4]"
"¹æ±Ý Çö´ë¹éÈ­Á¡ ´Ù³à¿Ô´Âµ¥ Èæ´©³ª ºÃÀ½"
"[2]"
"¸ñµ¿¿¡ µ¿¹° ¸¹Àºµí ¤Ñ¤Ñ;;"
"[6]"
"ÀÔ°¶Çß´Âµ¥"
"[1]"
"¿äÁò ¸Ó¸® Ä¿Æ®ºñ¿ë ºñ½Î³× ¤Ð"
"[2]"
"¿©½É »ç·Î ÀâÀº Å°½ºÀåÀÎ ³²ÀÚ¹è¿ì´Â?"
"[µð½ÃìÑÅÍºä] BP¶ó´Ï¾Æ, ´Ù½Ã Start a Fire"
"Èæ´©³ª °üÇÑ°Å µÞºÏÀÎ°¡¿ä? ´ëÃæ¾Ë°Å°°Àºµ¥"
"[1]"
"¿À´Ã ¿À¸ñ°ø¿ø¼­ ÀÌ¼Ò¿¬ ºÃ´Ù."
"[3]"
"¿À´Ã ÇÏ·çÁ¾ÀÏ ¿¹¼úÀÎ¼¾ÅÍ °ø»ç ¶«½Ã ¼Ò¶õÀÌ³×."
"[4]"
"¹æÇÐ¶§´Â ÇÐ±³¿¡ ¹ÚÈú±î¿ä? ¾Æ´Ô µ¶¼­½ÇÀ» °¥±î¿ä? ÀÖÀ¸¸é ¸ñµ¿³»¿¡ ÃßÃµÁ»"
"[8]"
"¾îÁ¦ ½Å³×"
"[2]"
"Àß°¡¸£Ä¡´ø ¸ø°¡¸£Ä¡´ø ¸ñµ¿¿ª ±ÙÃ³¿¡ ¼ºÀÎ´ë»ó ÅäÀÍ,ÅÜ½º ÇÐ¿ø ¸ÓÀÖÀ½?"
"½ÅÁ¤µµ °³¿ïÀÛÀº µµ¼­°ü °¡º»»ç¶÷ÀÖ³Ä?"
"[2]"
"Çï½ºÀå,ÇÇ¾Æ³ëÇÐ¿ø ¿À¸ñ±³¿ª ÁÁÀºµ¥Á»"
"¿À¸ñ±³³ª ¸ñµ¿¿ª, ½ÅÁ¤³×°Å¸®¿ª±ÙÃ³¿¡ ¸ÀÀÖ´Â ÆÄ´ß ¾Æ´Â»ç¶÷?????"
"[2]"
"°­¼­°í Ãâ½Å ¾ø³ª?"
"[7]"
"µ¿³×ÇÑ¹ÙÄû"
"[5]"
"¾çµµ 3Ãþ ¹Ù±ù¿¡ ÈÞ°Ô½Ç¿¡¼­ Èí¿¬°¡´ÉÇÔ?"
"[4]"
"½Å¼­°í ´Ù´Ï´Â »ç¶÷ ÀÖ³Ä?"
"[3]"
"Å¸ÄÚ¾ßÅ° Æ®·° Çö´ë¿ùµåÅ¸¿ö °¡¸é Ç×»ó ÀÖÀ½?"
"[3]"
"ºñ Áö°ã°Ôµµ ¿À³×"
"[1]"
"½Å¸ñ°í¾Öµé¾Æ~"
"[8]"
"¾ß ½Å¼±¼³³óÅÁ ÀßµÇ³Ä? ¸ÀÀÖ³Ä?"
"[2]"
"Áß°íµùµé ¼öÇÐ °úÇÐ °ú¿Ü ¹ÞÀ»»ý°¢¾ø´Ì?"
"[5]"
"¿ì¸® È¸»ç ¼öÀ§¾ÆÀú¾¾"
"[2]"
"Èæ³àÀÖÀÚ³ª"
"[2]"
"¸ñµ¿ ¸Þ°¡¹Ú½º¿¡¼­ ¿µÈ­º¼¿©ÀÚ"
"[2]"
"³ª µ¿³×¿¡¼­ ÁøÂ¥ »ç¶÷Ã£´Âµ¥..."
"[2]"
"¿ä»÷ ´ë³õ°í ´ã¹èÇÇ¿ì´Â Áß°íµùµéµµ ÀÖ³×"
"[8]"
"±âÅ¸,ÇÇ¾Æ³ë Àß °¡¸£ÃÄÁÖ´Â°÷ ÀÖ¾î? ¼ºÀÎ.."
"[1]"
"¾çÃµµµ¼­°ü °°ÀÌ ´Ù´Ï¸é¼­ °øºÎÇÏ½ÇºÐ~~~ "
"[6]"
"¾çÃµ°í ÀçÇÐ»ýµé¾Æ À¯Á¤¼® ¼±»ý´Ô »ç¸Á¿øÀÎÀÌ ¹¹¾ß?"
"[3]"
"¸ñµ¿¿ª°ú ¿À¸ñ±³¿ª»çÀÌ ´ÚÅÍ·ÎºóÀÌ¶ó´Â Ä«Æä °¡º»»ç¶÷ÀÖ¾î?"
"[10]"
"¿ä»õ Çö¹é ´«¿ä±â¿¡ ÁÁÀºµí"
"[3]"
"¾çÃµ±¸¿¡ ´ëÇÐÀÌ ÀÖÀ¸¸é ÁÁÀ»ÅÙµ¥..."
"[14]"
"°ú¿Ü±¸ÇÏ´ÂÇü(?)µé~"
"[4]"
"¿©½É »ç·Î ÀâÀº Å°½ºÀåÀÎ ³²ÀÚ¹è¿ì´Â?"
"[µð½ÃìÑÅÍºä] BP¶ó´Ï¾Æ, ´Ù½Ã Start a Fire"
"¸ñµ¿ °íµîÇÐ±³ ÃßÃµÁ» ÇØÁÖ¶ó ÁýÀº 10´ÜÁøµ¥"
"[10]"
"¾çÃµ±¸¿¡ ³²ÀÚ ¸Ó¸® Àß ÀÚ¸£´Â°÷ ÃßÃµÁ»ÇØ¢a"
"[7]"
"±Ý¿Á¿©°í ´Ù´Ï´Â¾Öµé ÀÕ³Ä "
"[4]"
"¸ñµ¿¿¡¼­ Áö³×¾Æºü ÀÇ»ç¶ó°í ÀÚ¶ûÇÏ´Â »õ³¢º½"
"[7]"
"¸î´ÞÀü ±Û¾´ ¸·ÀåÀÌ¿´´ø ³ª"
"[2]"
"¾çÃµ°í ´Ù´Ï°Å³ª Á¹¾÷ÇÑ ¾Öµé¾Æ.... "
"[7]"
"¾çÃµµµ¼­°ü ¸í¹° ³×¸í."
"[9]"
"¹ã¿¡ ÆÄ¸®°ø¿ø¿¡"
"[5]"
"¸ñµ¿ 14´ÜÁö »ì±â ¾î¶°³Ä"
"[5]"
"µå·³ÇÐ¿ø¾çÃµ±¸¿¡ ¾îµð¾îµðÀÖ³ª¿©"
"[1]"
"¸ñµ¿ÀÇ ±³ÅëÃ¼Áõ"
"[8]"
"¾Æ Á¤¸» ·¹¾Ë ´þ´Ù. ºñµµ ¸¹ÀÌ ¿Â´Ù.........."
"±ºÀÎÀÎµ¥..½Å¿ùµ¿¿¡ ´ëÇØ ±ÛÁ»½áº¼°Ô¿ä "
"[11]"
"½º½Ã³ë¹ÌÂî ÀÚ¸®´Â °á±¹ ÆÄ¸®Å©¶ó»ó."
"[4]"
"³ª ¾È¸¶¹æ Ã³À½°¡·Á´Âµ¥ Á¶¾ðÁ»"
"[9]"
"¿ä»õ ±æ¹Ù´Ú¿¡ ¹ÙÄû¹ú·¹ ÁøÂ¥¸¹À½"
"[2]"
"¼­ºÎ´Â ¸ñµ¿,¿©ÀÇµµ,»ó¾Ï,¸¶Æ÷(°ø´ö) »©°ï ½Ã¸ÁÀÌ¶ó °³¹ßÀÌ ÇÊ¿äÇØ"
"[6]"
"¸ñµ¿ÀÌ³ª ´ç»ê¿¡ ¸ðÅÚ ½Ñµ¥ Á»..."
"[1]"
"Å¸ÄÚ¾ßÅ° Æ®·° ½ÅÃâ±Í¸ôÇÏ³×"
"[2]"
"°íµù ¤µ¤¡µéÀÌ°¶·°½Ãs2µé°í´Ù´Ï³×¤Ð"
"[1]"
"¾çÃµ±¸¿¡ µ¥ÀÌÆ®ÄÚ½º°°Àºµ¥ ÀÖÀ½? ¾Ë·ÁÁÖ¼¼¿©"
"[4]"
"¿äÁò Çö´ë¿¡ »ç¶÷ º°·Î ¾øÁö¾ÊÀ½?"
"[1]"
"ÀÌÁ¦ÇÐ ¼­¿ï ¾çÃµ±¸Ã»Àå, ´ç¼±¹«È¿Çü È®Á¤"
"[1]"
"¸ð´ÏÅÍ °íÃÄÁÖ´Â °÷ ¾îµð¿¡ ÀÖ¾î???"
"[1]"
"¾çÃµ±¸ ¼úÁý ÃßÃµÁ»ÇØÁà"
"[3]"
"¾Æ ¹ÌÄ£ ºñ¿À´Ï±î ¸ð±âÁõ°¡.."
"[1]"
"º¥Ã÷ Àü½ÃÀå µåµð¾î ¹® ¿­¾ú´Ù³×."
"[4]"
"¿ä»÷ °íµùÄ¿ÇÃÀÌ ºÎÂ½´ÃÀº±â¼¼........."
"ºó½ººó½º"
"[1]"
"¸ñµ¿ ¸Þ°¡¹Ú½º »ç¶÷ º°·ç¾ø¼¾?"
"[9]"
"¿©½É »ç·Î ÀâÀº Å°½ºÀåÀÎ ³²ÀÚ¹è¿ì´Â?"
"[µð½ÃìÑÅÍºä] BP¶ó´Ï¾Æ, ´Ù½Ã Start a Fire"
"¿äÁò ¹ú·¹ Àß ¾Èº¸ÀÌÁö¾ÊÀ½?????"
"[6]"
"¿À´Ã º¸´Ï±î. ¿À¸ñ±³ Çö¹é ¾Õ ¿¹Àü ½º½Ã³ë¹ÌÂî ÀÚ¸® °ø»ç´Ù½Ã ½ÃÀÛÇÏ´õ¶ó."
"¾ç°¶ Ä£¸ñÄ£¸ñÇÏ³×"
"¸ñµ¿¿¡ ¼ºÀÎÅäÇÃÇÐ¿ø!!!!"
"ºÎ°¶Àº ´õÀÌ»ó ºÎ°¶ÀÌ ¾Æ´Ï´Ù."
"[4]"
"°³  »°°Àº ±èÆ÷°øÇ× "
"[7]"
"Å¹±¸ ¾îµð¼­ Ä¡³²?"
"[3]"
"¾Æ ½Ã¹ß. ½º³ªÀÌÆÛ ½ºÆ÷Ã÷ Æó¾÷ÇÏ´Â µí"
"[2]"
"°ËÁ¤°í½Ãº¸°í°¥¸¸ÇÑ°íµîÇÐ±³"
"[3]"
"¹é¾Ï°í¿¡´ëÇØ"
"[9]"
"¾ç°¶ ¾Ë¹ÙÇÏ´Â ³ë¿¹ÀÖ³Ä?"
"[5]"
"¾Æ Á¸³» Èûµé´Ù"
"[5]"
"Çö¹é ½ºÄðÇªµå ¾Ë¹Ù ¹Ø¿¡±Û"
"¸ñµ¿ ±ÙÃ³¿¡ ³²ÀÚ¾Öµé³¢¸® °¡¼­ ¸ÔÀ»¸¸ÇÑ ½Ä´ç ¹¹ÀÖÀ½ ?"
"[3]"
"Çö¹é ½ºÄðÇªµå ¾Ë¹Ù ³¾ ¸éÁ¢º¸·¯°¡´Âµ¥ ¿©±â Èûµå·¯¿ä???????"
"[8]"
"µåµð¾î ÇÑ°ú¸ñ ³²¾Ò´Ù...."
"°øÇÐµµÀÇ ½½ÇÄ"
"[1]"
"¸ñµ¿¿ªÀÌ³ª ¿À¸ñ±³¿ª ±Ù¹æ¿¡¼­ µ¶¼­½Ç ÃßÃµÁ» ÇØÁÖ¼¼¿ä"
"¿ä»õ ½¦¸£ºôÀÌ¶û ÀÌ ±Ù¹æ¿¡ Èò»ö ¹êÀÌ ÀÚÁÖº¸ÀÌ³×"
"[6]"
"¾çÃµµµ¼­°ü¿¡ ¿ä»õµµ µµÀûµé Ãâ¸ôÇÏ³ªº¸³×"
"[3]"
"´ëÇÐ»ýµé ÀÖ³Ä"
"ÀÌ¾ß ±âºÐÁÁ´Ù!"
"[1]"
"¹æÇÐÇÏ°í Çï½ºÀåÀÌ³ª µî·ÏÇÏ·ÁÇÏ´Âµ¥ ±¦ÂúÀºµ¥ ¾îµð ÀÖÀ½???"
"[1]"
"ÁøÂ¥ ÀÌÇØ°¡ ¾ÈµÇ´Âµ¥ °íµù»õ³¢µé ¿Ö µ¶¼­½Ç¿À³Ä?"
"[9]"
"ÆÄÆÄÀÌ½º ¾ø¾îÁ³´Ù´Â ºñº¸¸¦ Á¢Çß¾î"
"[3]"
"¾îµû ´ë°í ¿ì¸® ½Å¼ºÇÑ ¾ç°¶¿¡ ºÒÁúÀÌ¾ß"
"´ÙÄÚ¾ß³¢ Ã£´ø³ð ºÁ¶ó"
"[2]"
"¾çÃµµµ¼­°ü °øºÎÇÏ´Â °÷¿¡ ¿ø·¡ ¿¡¾îÄÁ ¾ÈÆ²¾îÁÖ³ª¿©?"
"[3]"
"¾çÁ¤°í ÇÐºñ ¾ó¸¶ÀÓ¿ä?"
"[4]"
"¾îÁ¦ ¿µµµÁß ÇÐ»ýÀÌ"
"[9]"
"¿©½É »ç·Î ÀâÀº Å°½ºÀåÀÎ ³²ÀÚ¹è¿ì´Â?"
"[µð½ÃìÑÅÍºä] BP¶ó´Ï¾Æ, ´Ù½Ã Start a Fire"
"¿À ½Ã¹ß ½Ä°ÌÇß³×"
"[2]"
"¸ñµ¿¿ª ÀÎÅÍ¶óÄËÀÎ»ç¶÷"
"[1]"
"¾ç°¶¼­ Åä¿äÀÏ Àá½Ç Ä«¶ó ÆÒ¹Ì °°ÀÌ °¡½ÇºÐ Ã£½À´Ï´Ù."
"[2]"
"¼¶¸¶À»ÀÌ¾ß±âÂÊ »ó±Ç¿¡ ¼úÁý"
"[5]"
"¾çÃµ±¸ ÁÖº¯ º´¿ø ÆòÆÇÀÌ ¾î¶§?? ÀüÃ¼ÀûÀÎ ¸¸Á·µµ.."
"[10]"
"½ÅÁ¤7µ¿±ÙÃ³¿¡ ÀÎÅÍ³ÝµÇ´Â µ¶¼­½ÇÁ» ¾Ë·ÁÁÖ¼¼¿ä"
"[2]"
"[Áú¹®] ½ÅÁ¤¿ª ºÎ±Ù '½º³ªÀÌÆÛ ½ºÆ÷Ã÷'¿¡ ¾ß±¸ ¹èÆÃ¿¬½À °¡´ÉÇÔ??"
"[2]"
"¾çÃµ±¸¿¡ ÄÃ·¯º¹»ç µÇ´Â°÷ ÀÖ³Ä?"
"[2]"
"±¸·Î±¸ »ì´Ù°¡ ÀÌ»ç¿Ô´Âµ¥"
"[4]"
"¹Ý°ª µî·Ï±Ý"
"[6]"
"´ß°¥ºñ ¸ÀÀÕ°Ô ÇÏ´Â °÷"
"[4]"
"Àú ¾îÀå°ü¸® ´çÇÑ°Å¸ÂÁÒ..¤».."
"[11]"
"³×ÀÌÆ®ÆÇ¿¡ ¿Ã¶ó¿Â °­x°Ë"
"[3]"
"È¤½Ã ¾ÆÀÌÆÌ ÅÍÄ¡ 4¼¼´ë 64g »ì »ç¶÷ ÀÖ³ª? ¾ç°¶ »ç¶÷µé Áß¿¡..¤·¤·"
"[4]"
"¸ñ5µ¿"
"[3]"
"¾çÃµµµ¼­°ü¿¡ ¹«¼±ÀÎÅÍ³Ý µÇ³ª¿ä?"
"[4]"
"¾çÃµ±¸°¶¿ÖÀÌ·¸°Ô ¶äÇÑ°¡¿ä ¤»¤»"
"¾çÃµ±¸¿¡ Çï½º ÃßÃµÁ»..."
"[1]"
"»¹±Û »ÑÁ÷!!!!! ÅëÀÏ¿¬¼¼ ¹ÎÁ·°í´ë"
"[3]"
"±ÞÇÔ!!!!!!!!!!!!!!24½Ã°£ÇÏ´ÂÄ¿ÇÇ¼óÀÌ¿ä"
"[4]"
"½Â¸®ÀÇ ¾çÃµ ¼öÀçµéÀÇ µµ½Ã ¾çÃµ"
"[3]"
"Çü¾Æµé! ½ÅÁ¤³×°Å¸®¿ª¿¡ ¹Ì¿ë½Ç¿ÀÇÂÇß¾î"
"[4]"
"¾çÃµ°¶Á» »ì¸®ÀÚ"
"[1]"
"Á¤ÀüµÈ ¾çÃµ°¶ ÀÔ°³¸£"
"[2]"
"´ëÇÐÇÐ¿ø ±ÙÃ³¿¡ °£´ÜÇÏ°Ô ½Ä»çÇÒ¼ö ÀÖ´Â°÷ ¾ø¾î?"
"[4]"
"Ç«Ç«Âî´Â ¿©¸§~°í¹ÎÇØ°áÀÌ ¹»±î? ÆÅÆÅ~~"
"Çâ¹æÀÛ°èÈÆ·ÃÀº ¾îµð¼­ ¹ÞÀ½?"
"[3]"
"¿À¸ñ±³ À½½ÄÁ¡"
"[8]"
"¿À¸ñ±³ ¼¶¸¶À»ÀÌ¾ß±âÀÚ¸®¿¡ º¸ÄÃÆ®·¹ÀÌ´×ÇÐ¿ø»ý°å³×."
"[9]"
"¾ÆÀÌÆù »ì·Á´Âµ¥"
"[2]"
"¿©½É »ç·Î ÀâÀº Å°½ºÀåÀÎ ³²ÀÚ¹è¿ì´Â?"
"[µð½ÃìÑÅÍºä] BP¶ó´Ï¾Æ, ´Ù½Ã Start a Fire"
"½Å¿ù 4µ¿ ·Ôµ¥Ä³½½ Áý°ªÀÌ ¾ó¸¶ÀÎÁÙ¾Æ³Ä??"
"[11]"
"Çö¹é¿¡ ½ºÄðÇªµå"
"[1]"
"¿À¸ñ±³ ¸ÔÀÚ°ñ¸ñ¿¡ ¼¶¸¶À» ÀÌ¾ß±â ¾ø¾îÁ³´Ù."
"[4]"
"¸ñµ¿Áß Ãâ½Åµµ ÇÁ·ÎÃà±¸¼±¼ö ÀÖ³× ¤»¤»"
"[4]"
"½º¹«µðÅ· Á» »ý°åÀ¸¸é ÁÁ°Ú´Ù"
"[3]"
"½ÅÁ¤³×°Å¸®³ª ¸ñµ¿ ¿À¸ñ±³ Âë¿¡ È½Áý ÃßÃµÁ»¿ä...."
"[3]"
"¾Öµé¾Æ ³ª ¹äÁ» »çÁÖ¶ó"
"¿À¸ñ±³¿ª ´ëÇÐÇÐ¿ø¾Õ¿¡ Æ®·° Å¸ÄÚ¾ß³¢"
"[6]"
"Çö¹é ¸íÇ°°ü ±¦ÂúÀ½?"
"[4]"
"¾çÃµ±¸ ÁÖ¹ÎºÐµé 5¿ù 28ÀÏ¿¡ ´Ù¹®È­ ÃàÁ¦°¡ ÀÖ½À´Ï´Ù."
"[1]"
"¸ñµ¿¿¡¼­´Â Ä¿ÇÇÁý Â÷¸®±â¸¸ ÇÏ¸é ´ë¹ÚÀÌ±¸³ª..."
"[11]"
"¾çÁ¤ µ¶»ç°¡ ´ãÀÓÀÌ¾ú´ø »ç¶÷ ÀÖ³Ä ??"
"[8]"
"ºÎ¿µ ÆòÆÇÀÌ ¾î¶¶?"
"[9]"
"¿ì¸®Áý ÇÏÀÌÆä¸®¿Â2ÀÎµ¥ Áß±¹Áý ¾îµð°¡ ÁÁÀ½?"
"[3]"
"½Å¸ñµ¿¿ª3¹øÃâ±¸¿¡ ÀÖ´Â ÀÚÀü°Å´ë¿©¼Ò ¾Æ½Ã´ÂºÐ?"
"[1]"
"[¾çÃµ±¸ °­¼­±¸ °¶·¯¸® °ø¿ëÂ©¹æ]"
"[2]"
"¾ÆÄ§ 7½ÃÂë »óÀÏµ¿¸¶ÃµÇà 5È£¼± Å¸¸é"
"[9]"
"ÁßÇÐ±³¸¸ °­³²¿¡¼­³ª¿Ó´Âµ¥"
"[1]"
"µ¥ÀÌÆ®ÇÏ·¯°£´Ù "
"[2]"
"¾Æ ÃµµÕ¹ø°³ Á¸³ªÄ¡³×"
"¸ñµ¿¿¡ ½Ã°è ¼ö¸®ÇÒ¸¸ÇÑ µ¥ ÀÖ³ª¿©??"
"[4]"
"ÆÄ¸®°ø¿ø¿¡¼­"
"[3]"
"¸ñµ¿»ç½Ã´ÂºÐ. ¸ñµ¿¿ª ³»ºÎ¿¡ ¼¼ºìÀÏ·¹ºì ±Ô¸ð°¡ ¾î¶²Áö ¾Ë°í½Í¾î¿ä"
"[4]"
"¾çºþ »ç¾ß°Ú´Ù"
"[5]"
"¾ß º´½Åµé¾Æ"
"[3]"
"¾ç°¶ ±Û¸®Á¨ Á¸³ª Ã³ÂüÇÏ³×"
"[3]"
"ÄOµé Çàº¹ÇÑ¼¼»óÀÌ¶û Çö¹é »çÀÌ ±¤Àå¿¡"
"[1]"
"¾ßÀÌ º´½Å»õ³¢µé¾Æ"
"[5]"
"ÇÏÀÌ¾¾¾Ø¾¾ ´Ù´Ï´Â »ç¶÷ÀÖ³Ä"
"¾çÃµ±¸ ¼º¹üÁËÀÚ¸»ÀÎµ¥"
"[11]"
"¿©½É »ç·Î ÀâÀº Å°½ºÀåÀÎ ³²ÀÚ¹è¿ì´Â?"
"[µð½ÃìÑÅÍºä] BP¶ó´Ï¾Æ, ´Ù½Ã Start a Fire"
"Àú ¸ñµ¿1´ÜÁöÂÊ»ç´Âµ¥¿© ¹ä½ÃÄÑ¸ÔÀ»µ¥Á»¾Ë·ÁÁÖ¼¼¿ä?"
"³¯¾¾°¡ µû¶æÇØÁö´Ï Á¤ÁÙ³õÀº »õÅ°µéÀÌ ¸¹´õ¶ó"
"[2]"
"¾çÃµ±¸¸ÀÁýÀÌ³ª °­¼­±¸¸ÀÁý ÃßÃµºÎÅ¹µå·Á¿ä."
" ¾çÁ¤°í ±³³»À°»ó´ëÈ¸"
"[3]"
"³¯ÀÌ µûµíÇØÁö´Ï ¾çÃµ°ø¿ø¿¡ »ç¶÷ÀÌ ¸¹´õ¶ó"
"[4]"
"Å½¾ØÅ½½º ¸ñµ¿Á¡ »ý°å³×"
"[4]"
"¿©±â¼­È¤½Ã ¶ó½ÄÀÌ³ª ¶ó¼½ÇÑ Çüµé ÀÖÀ½?"
"[4]"
"¸ñµ¿¼º´ç ¿µ¾È½Ç¿¡ ÀþÀº¾Ö°¡ µé¾î¿ÔÀ½"
"[3]"
"¾çÃµ¿ìÃ¼±¹¾Õ¿¡ Å¹±¸Àå »ý°å´Ù´Â°Ô ·¹¾Ë?"
"[4]"
"¾çÃµ±¸¿¡´Â ½Ç³»¾ß±¸¿¬½ÀÀå¾ø³Ä?"
"[3]"
"¸ñµ¿ ÁßÇÐ±³°¡ Æ¯¸ñ°í¸¦ ¸¹ÀÌ º¸³»´Â ÀÌÀ¯.................."
"[4]"
"¶Ò¹æÇö´ë¿¡ ´©°¡ °í¾çÀÌ¸¦ ¹ö·È³ªº­"
"[2]"
"½ÅÁ¤3µ¿ÀÌ³ª ½Å¿ù6µ¿,7µ¿ÂÊ¿¡ ¶Ô¸®´Â ¸ðÅÚÀÖ³ª¿ä?"
"[6]"
"ÇÏÆä1 ÁÖÂ÷Àå¿¡.."
"[1]"
"41Å¸¿ö ¿¾ ½º½Ã³ë¹ÌÂî ÀÚ¸®"
"[2]"
"41Å¸¿ö Å½¾ØÅ½½º ¹®¿­¾ú´Âµ¥ »ç¶÷ÀÌ ŸÁ³×"
"[2]"
"³Ø¼¾Á» ÀÀ¿øÇØ¶ó"
"[5]"
"¾Æ ÁøÂ¥ ¹é¾Ï°í »öÈ÷µé ½Î´ë±â¸¦ ³¯·Á¹ö¸±¶ó!!!"
"[11]"
"ÁßÇÐ±³ ¹Ý¿¡¼­ ¸î¸íÀÌ³ª ½º¸¶Æ®Æù ¾²³Ä?      "
"[3]"
"6¿ù 11ÀÏ Åä¿äÀÏ Àá½Ç Ä«¶óÆÒ¹ÌÆÃ ÇÑ´Ù³×¿ë."
"[1]"
"¹é¾Ï°í ¿· ¼ö»óÇÑ °Ç¹°ÀÇ Á¤Ã¼¸¦ ¾Ë¾Æ³Â´Ù."
"[10]"
"½ÅÆ÷¿ì¸®¸¸µÎ ÀÎ°¡? °Å±â ¿ÖÀÌ¸® ½ÏÅü¸Ó¸® ¾øÀ½?"
"[3]"
"³²Èñ¼® ¸ñµ¿ÀÇ ½ºÅ¸ÀÏ¿¡ ¸Â´Â ¿¬¿¹ÀÎÀÎ°Å °°À½."
"[7]"
"¤»¤»ºó¶óµ§ ÈÄ°èÀÚ¤»¤»¤»¤»"
"1ÀÎºÐ ¹è´ÞµÇ´Â °÷"
"[1]"
"¾çÃµ±¸ ÂÊ¿¡ ÇÐ»ýÀÌ Á×Ä¡°í Áö³¾ ¸¸ÇÑ°÷ ÀÖ³²?"
"[6]"
"¾çÃµ±¸ ½Å¿ùµ¿ ¾î¶²µ¿³×?"
"[3]"
"½º½ÂÀÇ ³¯ÀÌ ¿Ö ÀÏ¿äÀÏÀÌÁö"
"[3]"
"¾î¹öÀÌ³¯ÀÎµ¥ Ä«³×ÀÌ¼ÇÀ»"
"[2]"
"¹Ì¿ë½Ç ÃßÃµÁ»ÇØÁÖ¼À »çÁøµé°í°¥°Çµ¥.."
"¿©½É »ç·Î ÀâÀº Å°½ºÀåÀÎ ³²ÀÚ¹è¿ì´Â?"
"[µð½ÃìÑÅÍºä] BP¶ó´Ï¾Æ, ´Ù½Ã Start a Fire"
"¼®°¡Åº½ÅÀÏ¿¡ Àý °¡¸é ¸ð ÁÖ³Ä????"
"[1]"
"¼ÖÁ÷È÷ ½ºÄÚ´Â ÇÐ¿ø»¡ÀÌ ¾Æ´Ï¶ó ¾Öµé»¡¾Æ´Ô ? °í·Î ¼öÇÐÇÐ¿øÀº ÅÂÇ³ÀÌ Ë£"
"[5]"
"³ë·¡¹æ ½Ñµ¥ ¾ø³­?"
"[5]"
"¸ñµ¿ ¾ÆÆÄÆ® ´ÜÁö »ì¸é ¿äÁò ¹ã¿¡ ¶óÀÏ¶ô Çâ±â Àå³­ ¾Æ´ÏÁö ¾ÊÀ½?"
"[5]"
"Æ¯º°È°µ¿ ½Ã°£¿¡ ½Â¸¶ÇÏ´Â ¸ñ¿îÁß."
"[22]"
"¸ñµ¿¿¡µµ º¥Ã÷ ¸ÅÀåÀÌ »ý±â´Â±º..."
"[7]"
"µµ·Î¸í ÁÖ¼Ò ¿ïÁýÀº ¸ñµ¿·Î 212³× "
"[5]"
"¾çÁ¤ ÀÌ°ú°í2 ¼öÇÐÇÐ¿ø ÃßÃµ"
"[5]"
"ÀÌ¹ø¿¡ µµ·Î¸í ÁÖ¼Ò·Î ¹Ù²î´Â°Å ¹Ý¹ßÀÌ ½ÉÇÑ°¡ º½.."
"[6]"
"³ª¾ß°¡¶óÈ£ÅÚ ÂÊ GS Ä®ÅØ½º ÀÌ¿ëÇÏ½Ã´Â ÄO ÀÖ¾î?"
"[2]"
"¸ñµ¿°í ¿©°í¾ß?"
"[9]"
"½Å³×¿¡ À«ºí´ø ÇÇÆ®´Ï½º´Ù´Ï´Â »ç¶÷ ¾øÀ½?¤»¤»¤»"
"³­ Çö¹é¿¡¼­ ¿©ÀÚ¿¬¿¹ÀÎ ÇÑ¹øµµ ¸øºÃ´Âµ¥"
"[3]"
"À©µµ¿ì7¾¾µð ±¸ÇÕ´Ï´Ù. "
"[1]"
"¾îÁ¦ Çö¹é¿¡¼­ ·Á¿ø Ãâ¸ô ÀÌ¾ß±â³ª ÇØÁÖ¼À!!!!³ª ·Á¿ø Á¸³» ÁÁ¾ÆÇÔ!!!"
"[3]"
"¾çÁ¤°í ²¿²¿¸¶µé¾Æ"
"[5]"
"¸çÄ¥ Àü Àú³á¿¡ 7´ÜÁö KT¾Õ¿¡¼­ À¯Àç¼®ÀÌ¶û ÇÏÇÏ º» »ç¶÷?"
"[4]"
"cl´Ô ·êÀ¥ ¾Æµð ³²°Ü º¸¼¼¿ä. ´Ð³Û ¸»°í ¤¾"
"[1]"
"¾îÁ¦µµ ÀÌ¼Ò¿¬À» ºÃ´Ù..¤¾¤¾¤¾"
"[4]"
"³»°¡ È°µ¿ÇÏ´Â ·ç¸®À¥¿¡ ¾îÁ¦ ·»º¸ ÆÒ½Î ÈÄ±âÀÎµ¥ ¸µÅ© ´Þ¾ÆÁÜ."
"[5]"
"¾îÁ¦ Çö¹é ÁöÇÏ 3Ãþ ·¹ÄÚµåÁ¡¿¡¼­ ¹«½¼ ½ÎÀÎÈ¸ ÇßÀ½?"
"[4]"
"5/1ÀÏ ±³º¸¹®°í ÇÖÆ®·¢½º¿¡¼­ ·¹ÀÎº¸¿ì ÆÒ½Î ´Ù³à¿È.."
"[16]"
"¸ñµ¿½Ã¹æ»õ ¿¡¼­ ±âÀûÀÇ¿Àµð¼ÇÀÎ°¡ ÇÏ³ªº¸³×"
"¹é¾Ï°í¿¡ ´Ù´Ï¸é ¼º¸®Áß ÀÌÇØ°æÀÌ¶ó´Â³âÀº ¾Ï°Íµµ ¾Æ´ÏÁ¦"
"[8]"
"pc¹æ ¾Ë¹ÙÇÏ·Á±¸ÇÏ´Âµ¥¿ä^^"
"[4]"
"¸ñµ¿ Çö´ë¹éÈ­Á¡¿¡ Å« °õÀÎÇü ÆÄ´Â°÷ ÀÖ³ª¿µ"
"[2]"
"ÀÎÁ¶ÀÜµð"
"[2]"
"¾çÃµ±¸ ºÐ¸®¼ö°Å°ü·Ã ¼³¹® ´äº¯Á» ºÎÅ¹µå·Á¿ä¤Ì (5¹®Ç×)"
"[5]"
"¹¹ÇÏ³ª¸¸ ¹°¾îº¼²²¿ä ¾ç°¶´Ôµé~ ½ÅÁ¤µ¿ »ç½Ã´Â ºÐÀÌ¸é ÁÁ°Ú´Âµ¥.."
"ÀÌÁ¦ÇÐ ±¸Ã»Àå 250¸¸¿ø ¹ú±ÝÇü ¼±°í¹Þ¾Ò´øµ¥"
"[7]"
"¿©½É »ç·Î ÀâÀº Å°½ºÀåÀÎ ³²ÀÚ¹è¿ì´Â?"
"[µð½ÃìÑÅÍºä] BP¶ó´Ï¾Æ, ´Ù½Ã Start a Fire"
"°³ºýÄ¡´Â ¾çÁ¤°í Á¦ÀÓ½º ÀÏÈ­.txt"
"[15]"
"À½... ±×·¯°íº¸´Ï"
"[1]"
"¾Æ´Â »ç¶÷¸¸ ¾Æ´Â ½Öº°. ¿Ã ¿©¸§Àº ÀÌ°É·Î Çì³ªÇÏÀÚ. !!"
"[1]"
"±×Àú²² ¹é¾Ï°íÇÐ»ý"
"[14]"
"¾îÁ¦ ¾çÃµ±¸Ã» ¾Õ¿¡¼­ ½ÃÀ§ °°Àº°Å ÇÏµçµ¥"
"[3]"
"[¸¸¼¼]Ä«¶ó 3ÀÎ ¼Ò¼Û ÃëÇÏ. ³×¿ÀÄ«¶ó´Ù ÀÌÁ¨!! ³¥³¥ Ä«¶ó¸¸¼¼![¸¸¼¼]"
"ÀÏ¿äÀÏ¿¡ ¸ñµ¿±¸Àå ´Ù³à¿Ô´Âµ¥"
"[7]"
"¾Æ¼Ý ¿À´Ã ÈÞ°­¤¾"
"[5]"
"[ÇÊµ¶]! ¸ñµ¿Àç°ÇÃà°ú ºÎµ¿»ê¿¡ °ü½É ÀÖ´Â »ç¶÷µé¿¡°Ô ÃßÃµÇÏ´Â ±Û(Ä®·³)"
"[2]"
"ºÎ°¶¼­ ¶°µé¾î ´ë´Â ºÎÃÌÀÇ Á¾·ù. (´ë°­).."
"[6]"
"À¯µ¶ ½ÅÆ÷¸¸µÎ°¡ ¸¶´Ï °Å·ÐµÇ±ä ÇÏÁö¸¸ »ý°¢ÇØº¸¸é ´õ ÀÖÀ½."
"[4]"
"±×³É ¸î±ÛÀÚ ¾¾ºÎ·Áº½"
"[4]"
"Çö¹é ¿· °ø¿µÁÖÂ÷Àå ºñÇÏÀÎµå ½ºÅä¸®."
"[4]"
"[°æÃà]¿¹Àü ÀÌÀÚÄ«¾ß ºÎÁö Å½¾ØÅ½½º µé¾î¿Â´Ù. ¾ç°¶ÀÇ ½Â¸®[°æÃà]"
"[9]"
"±Ùµ¥ »ï¼º¸ð¹ÙÀÏ ´Ù ÁöÀº°Í °°Àºµ¥ Á¤½Ä ¿ÀÇÂÀÌ ¾ðÁ¦ÀÓ?"
"[4]"
"¼­ºÎ±Ç ¸ñµ¿ ±ÙÃ³ ½ÅÁ¤µ¿ °³¹ß ¼Ò½ÄÀÌ´Ù.(±â»ç À¯) ½ÅÁ¤´ºÅ¸¿îÀÌ ¾Æ´Ô  "
"[6]"
"¸ñ5µ¿ ±¤Àå°Å¸®? ¶ó°í ºÎ¸£³ª? ¹ý¾ÈÁ¤»ç µÚ .. ´øÅ²µµ³Ó ÀÖ´Â °Ç¹°"
"[4]"
"°Íº¸´Ù ¿¹Àü ÀÌÀÚÄ«¾ß ºÎÁö´Â ¸ð µé¾î¿ÀÁö? ¹«½¼ °ø»ç´Â ÇÏ´øµ¥."
"[1]"
"»ý°¢ÇØº¸´Ï Çö¹é µÚ ÃàÁ¦ÀÇ °Å¸® »ó±ÇÀº °Å´ëÇÑ µÎ ±â¾÷ÀÇ ½Î¿òÀÌ³× ¤¾¤¾."
"[3]"
"41Å¸¿ö ¿¹Àü ½º½Ã³ë¹ÌÂî ÀÚ¸®."
"[1]"
"¤»¤»¤»¤»¤» ÇØ°ñ¼öÇÐ ¤»¤»¤»"
"[4]"
"8´ÜÁö ÁÖº¯¿ÖÀÌ·¡"
"[8]"
"¿À´Ã ¹êÀÌ ¸¹ÀÌ º¸ÀÌ³×"
"´ÜÁö³ÝÀÌ ¹ÌÃÆ½¿´Ù --;"
"[1]"
"¸ñµ¿»ç°Å¸®³ª ¿À¸ñ±³ÂÊ¿¡"
"[6]"
"¼­¹®¼®Çï½º ¾î¶§¿©?"
"[1]"
"ÀÌ°÷¿¡¼­ ¼öÇÐÇÐ¿øÃ£´ÂÀÌµé¿¡°Ô.."
"[9]"
"¾çÃµ±¸³»¿¡¼­ ÇÇ½Ã¹æ ¾÷·Îµå¼Óµµ ºü¸¥°÷ ¾Æ½Ã´ÂºÐ?"
"[4]"
"³¡~~~~"
"ºÎ°¶¿¡ ÀÖ´Â ¸ñµ¿3´ÜÁö¶ó´Â Á¾ÀÚ"
"[3]"
"¿©½É »ç·Î ÀâÀº Å°½ºÀåÀÎ ³²ÀÚ¹è¿ì´Â?"
"[µð½ÃìÑÅÍºä] BP¶ó´Ï¾Æ, ´Ù½Ã Start a Fire"
"¾çÃµ±¸ ¿îÀü¸éÇã ÇÐ¿ø ÃßÃµ ºÎÅ¹µå·Á¿ä.^^"
"[4]"
"¼ö°æ¾Æ"
"[1]"
"¸ñµ¿¿¡¼­ ±¦ÂúÀº Áß±¹Áý ÃßÃµÁ»¿©."
"[8]"
"À½³È......"
"[1]"
"ÇÏÀÌÆä¸®¿Â1Â÷¿Í Æ®¶óÆÓ¸®½ºÀÇ ´Ù¸¥Á¡...."
"[9]"
"Å©¸®½ºÇÇ¸¦ ¾çÃµ±¸¿¡ ³½´Ù¸é.."
"[9]"
"¹Ø¿¡ »ç°í³µ´ø ¾ê±â µéÀ¸´Ï ¿¹Àü »ý°¢³ª¼­ ½áº¸´Âµ¥.."
"[7]"
"±Ùµ¥ »ï·æÀÇÁ¤µµ¸é °ú¿Üºñ ¾î´ÀÁ¤µµ¹ÞÀ» ¼ö ÀÖ¾î?"
"[1]"
"7´ÜÁö ¾Õ¿¡¼­ »ç°í³µ³×"
"[7]"
"Çüµé, Àú ¿ÃÇØ Áß3ÀÎµ¥ °íµîÇÐ±³ Á» ¿©Âá²²¿ä."
"[21]"
"½ÅÁ¤3µ¿ ½Å¿ù6µ¿ ¹Ì¿ë½Ç ÃßÃµ Á» ºÎÅ¹."
"[2]"
"¸ñµ¿ ¼öÇÐÇÐ¿ø ÃßÃµÁ»"
"[10]"
"ÀÌÁ¦ 11ÇÐ¹ø ´ëÇÐ»ýÀÎ ¾çÁ¤Ãâ½ÅÀÌ¾ß"
"[5]"
"¾çÁ¤°í 2008³â Á¹¾÷»ý ÀÖ³Ä?"
"[4]"
"±»¸ð´×¡Ù"
"[10]"
"¾îµð ºÐ½ÄÁý ¸À³­ µ¥ ¾øÀ½?"
"[1]"
"¸ñ2µ¿ ÀÏ´ë Àç°³¹ßÀº ±×³É ¹·Çô¹ö¸° °Ç°¡?"
"¼Ò¹®¿¡ ÀÇÇÏ¸é ¿À¸ñ±³¿ª 5¹øÃâ±¸ ¹Û ¾ÆÆÄÆ® Áþ´Â°Å.."
"[4]"
"ÀÌ µ¿³×¿¡´Â ¿À¶ô½ÇÀÌ ¾ø´Â°Ô ½½ÇÄ.¤Ð¤Ð¤Ð"
"[3]"
"¾çÃµ±¸°¡ °£¸¸¿¡ ¼­¿ï½Ã ÀÚÄ¡±¸µé Áß¿¡¼­ 1µîÇß´Ù°í Çß±æ·¡..."
"[1]"
"ÀÌ°Ô´Ù ½Å¿ù, ½ÅÁ¤Å¿ .jpg "
"[1]"
"¿©±â°¡ ¼­¿ï½Ã¿¡¼­ °¡Àå ¼º¹üÁË°¡ ¸¹Àº ¾çÃµ±¸ °¶ÀÓ? .jpg "
"[7]"
"¾Æ¸§´Ù¿î ¸ñ2µ¿ Ãß¾ï"
"[1]"
"¾çÃµ±¸¿¡ ÀÜ½ÉºÎ¸§°°Àº°Å ÇØÁÖ´Â°Å ¾ø³Ä »ýÈ°ÀÇ Æí¸®ÇÔÀ» À§ÇÑ."
"ºÎ°¶¿¡ ¾ð±ÞµÇ´Â À§Ä¡°©. ÇÑ°­º¯. ³ª´Â ¸ó°¡ Á» »óÅõ°°´Ù."
"[2]"
"¿À¸ñ±³¿ª 5¹øÃâ±¸ ¾Õ ºóºÎÁö µåµð¾î °³¹ßµÇ³×. (ÀÚ·á À¯)"
"[10]"
"¾çÁ¤°í ¤µ¤² ¤Ñ¤Ñ"
"[4]"
"¾Æ»çÀÌ°¡ ¾Æ´Ï¶ó »óÇÏÀÌ¿³³×"
"[3]"
"°³°´±âµéÀÌ ¹½µµ ¾Æ´Ï¸é¼­ ÇÏÆä±î³×. Çö½ÇÀº Àü¼¼»ì¸é¼­ ³¥³¥"
"[4]"
"³»°¡ ÀÚÁÖ°¡´Â À½½ÄÁ¡"
"[4]"
"¿©½É »ç·Î ÀâÀº Å°½ºÀåÀÎ ³²ÀÚ¹è¿ì´Â?"
"[µð½ÃìÑÅÍºä] BP¶ó´Ï¾Æ, ´Ù½Ã Start a Fire"
"¿ä»õ ¹°°¡°¡ ³Ê¹« ºñ½Î´Ù"
"[4]"
"¿îµ¿ ¸ñÀûÀ¸·Î ¸£±îÇÁ Æ®·¹ÀÌ´× º¹ »ò´Ù. ¸£±îÇÁ ±¥¾È³Ä?"
"[9]"
"¿©±â°¡ ½Å¿ùµ¿³âµéÀº ¹üÁ¢ÇÏÁö¸øÇÏ´Â ¸ñµ¿°¶ ¸ÂÀ½?"
"[4]"
"¿¬¼¼ ÆÊ½º ÇÇºÎ°ú °¡º» »ç¶÷ ÀÖÀ½?"
"ÇØÀåÀº ¿À¸ñ±³¿ª ¾Æ»çÀÌ Â«»ÍÀÌ °©¾Æ´Ï³Ä?"
"[3]"
"¸ñ5µ¿ È¨ÇÃ·¯½º ÀÍ½ºÇÁ·¹½º ½´ÆÛ ±ÙÃ³¿¡ Ä«Æäº£³× »ý±ä´Ù."
"[13]"
"³­ ¸ñµ¿¾ÆÆÄÆ®»ç´Â´ë"
"[3]"
"¸ñµ¿½Å½Ã°¡Áö¿¡ 7»ìÀÌÀüºÎÅÍ »ç´ÂÀÎ°£µé ¸¹À½?"
"[6]"
"½ÅÁ¤3µ¿¿¡ ³ª´ë½Å ¿ìÀ¯¸¦ µ¹¸± À×¿© ÀÎ·ÂÀÌ ÀÌÅä·Ï ¾ø´Ü ¸»ÀÌ³Ä..."
"[3]"
"´Ôµé¾Æ Æ®·¹ÀÌ´× º¹ »ì¶óÇÏ´Âµ¥ ÃßÃµÁ» ÇØ¢a."
"[1]"
"¿äÁò ³Ê¹« ¹Ù»Ú´ç¤Ð¤Ð"
"[3]"
"ÇÑ°¡¶÷ÀÌ Èûµç°¡º¸³×..."
"[3]"
"¸ñµ¿¿¡ ¸ÀÁý ¾ø´Ù´Â°Å ´Ù °ÅÁþ¸»ÀÌ´Ù. °ÔÀ¸¸£°Å³ª ¤»¤»"
"[2]"
"Áö±ÝÁþ°í ÀÖ´Â ¿¹¼úÀÎ¼¾ÅÍ ¿Ï°øµÇ¸é 1Ãþ¿¡ ÆíÀÇÁ¡ µé¾î¿Ã¼ö ÀÖ´Ù³×."
"[6]"
"ÀÌ´ëº´¿ø ¸ÂÀºÆí º£½ºÅ²¶óºó½º ÀÖ´ø ÀÚ¸®¿¡ ¸íÀÎ¸¸µÎ µé¾î¿Â´Ù."
"[1]"
"¸ñµ¿ ·Îµ¥¿À °Å¸®´Â Á×Áö ¾Ê¾Ò´Ù."
"[4]"
"¸ñµ¶ ÄÚÄÚ½´½´ ±²ÀåÇØ ¶öÇÁÀ§°Ë ¼Ò±Ý ¾ç¸í Àººû¾ÆÆ÷ Ã¢È¸ .. "
"[6]"
"CELE´Ô ÀÌ»ç°¡Áö ¸»¶ó´É~"
"[5]"
"È¤½Ã ¼ö¿äÀÏ ¹ã¿¡ °æºñÇà±â º¸½ÅºÐ?"
"[1]"
"¸ñµ¿ °¥¶§¸¶´Ù........"
"[4]"
"ÈÞ°¡³ª¿Ô´Ù"
"[9]"
"ÇÇºÎ°ú¿ä"
"[1]"
"Ä«¶ó ¸¸¼¼!~ ¸¸¼¼!~ ¸¸¸¸¼¼!~"
"[2]"
"¹é¾Ï°í ´ã¹èÇÇ´Â ²¿²¿¸¶ »öÈ÷µéÀº ºÁ¶ó"
"[7]"
"¾ß... ¿À¸ñ±³ - ¸ñ5 Â÷¾È´Ù´Ï´Â±æ¿¡ ±¹¹äÁý ÀßÇÏ´Âµ¥ ¾ø³Ä?"
"[1]"
"¹Ý°©½À´Ï´Ù ´ººñÀÔ´Ï´Ù."
"[1]"
"¾çµµ¿¡¼­ °øºÎÇÏ´Â ¿©ÀÚ»ç¶÷µé"
"[1]"
"ÁÖ¸»¿¡ ¾çÃµµµ¼­°ü »ç¶÷ ²Ë²ËÂ÷³ª?"
"[2]"
"¾ß ±×·¡¼­ 1~6 ´ÜÁö VS 7´ÜÁö  ¾îµð°¡ Ë£ ÀÌ¶õ°Å³Ä?? "
"[11]"
"ÄOµé.. µµ¿ÍÁà.."
"¿©½É »ç·Î ÀâÀº Å°½ºÀåÀÎ ³²ÀÚ¹è¿ì´Â?"
"[µð½ÃìÑÅÍºä] BP¶ó´Ï¾Æ, ´Ù½Ã Start a Fire"
"³»°¡ ¿À¸ñ±³¿ª ÁÖº¯¿¡ »êÁö 20³âÀÌ ³Ñ¾ú´Ù. "
"[3]"
"ÇÏ·ç µ¿¾È ±Û ´Ù¼¸°³³×"
"¿äÁò µ¿³×°¡ ÁöÀúºÐÇØÁö´Âµí.."
"[9]"
"¾ß ÇÏÀÌÆä¸®¿Â ¾çÃµ±¸¿¡ ¹Û¿¡ ¾ø³Ä?"
"[2]"
"¿ì¸®µ¿³×´Â ÀÜ½ÉºÎ¸§°°Àº°Å ÇØÁÖ´Âµ¥ ¾ø³Ä?°­³²Àº ÀÖ¶°¸¸ Á¸³ª ±ÍÂú³×"
"[3]"
"ÄO. ´©³ªµé ÇÔ²²ÇØ¿©"
"[1]"
"ÀÌ´ë¸ñµ¿º´¿ø ¸ÂÀºÆíÀÇ º£½ºÅ²¶óºó½ºµµ Ã¶¼öÇÏ³ß"
"[2]"
"½ÅÆ÷¿ì¸®¸¸µÎ ¿·ÀÇ Æ÷½Ã¿£ ºÎÁö¿¡ »ï¼º¸ð¹ÙÀÏ µé¾î¿À³× ¤»¤»"
"¿À¸ñ±³ ¼¶¸¶À» ÀÌ¾ß±â °ñ¸ñ....»ó±Ç..."
"[13]"
"¿ù¿ç°ø°­ÀÎµ¥ °¡³­ÇÑ ÇÐ»ýÀÌ¶ó ³î°í½Í¾îµµ ¸ø³ë³× ³ªÁ» µ¨²¿ ³î´©³ª¾ø¾î¿ä?"
"[1]"
"¾çÃµ±¸Ã»¿ª °¡±î¿î°÷¿¡¼­ µðÄ« »çÁø Çö»ó Àß ÇØÁÖ´Â °÷ ÀÖ³ª¿ä?"
"Çö´ë¹éÈ­Á¡ ¾Õ »ó±ÇÀÌ º¯ÇõÀ» ÇÏ°Ô µÈ °¡Àå Å« °è±â´Â.."
"[2]"
"ÆÄ¸®¹Ù°ÔÆ® °ü°èÀÚ ¿©±â ´«ÆÃÇÏ´Â°Å ¾Æ³Ä? ¤»¤»"
"¹ø¶àÀÌ´Â »ý°¢ÀÌ µé¾ú´Âµ¥ ÀÌÀÚÄ«¾ß ºÎÁö Å½¾ØÅ½½º µé¾î¿À¸é ±¥¾Æ´Ãµí."
"¿À¸ñ±³¿¡ »ó°¡°¡Áö½Å ºÐµéÀÌ³ª. È¸»ç°ü°èÀÚºÐµé ¾ç°¶ ´«ÆÃÁ» ÇßÀ½ ÁÁ°Ú´Ù."
"[9]"
"¿À¸ñ±³¿¡¼­ Á© À§Ä¡ ÁÁÀº »ó°¡´Â ½ÅÆ÷¿ì¸®¸¸µÎ ¾Æ´Ò±î? ÃÖ°­°°Àºµ¥ "
"[15]"
"±³¾ç¿¡¼­ ÆÀÇÃ Á¶Àå ¸Ã¾Ò´Âµ¥.. ¾Æ ÁøÂ¥ ¤»¤»¤»  "
"[7]"
"Çö´ë¹éÈ­Á¡ ¹Ù·Î ¸ÂÀºÆí ÀÏº»½Ä¼±¼úÁý ÀÌÀÚÄ«¾ß ¾ø¾îÁö°í ÀÖ´õ¶ó."
"[11]"
"±Ùµ¥ ¿ä»õ´Â ÀÓ´ë¾ÆÆÄÆ®°¡ ´ëÇüÆò¼öµµ ³ª¿È?"
"[3]"
"¿©±â ÀüÀÚ´ã¹è ÇÇ´Â °íµùµé ÀÖÀ½?¤»¤»"
"[4]"
"Çö´ë¹éÈ­Á¡ ¾Õ º£Æ®³² ½Ò±¹¼ö Æ÷½Ã¿£ °ø»çÇÏ°í ÀÖ´õ¶ó."
"[1]"
"½Å¸ñÁß Ãâ½ÅÀÖ³Ä?"
"[4]"
"Çö¹é¿¡¼­ Çª¸¶ ¼¼ÀÏ ÇÑ´Ù´Â°Å °°Àºµ¥"
"[3]"
"¼­¿ï ÁöÇÏÃ¶ 10È£¼± ³ë¼±µµ.jpg"
"[1]"
"¾çµµ 2Ãþ ¿­¶÷½Ç ¿·¿¡ È­Àå½Ç Â¥Áõ³²"
"[2]"
"¸ñµ¿¾ÆÆÄÆ®9´ÜÁö 55Æò ¾ó¸¶³ªÇÏÁö?"
"[3]"
"41Å¸¿ö ¿¹Àü ½º½Ã³ë¹ÌÂî ÀÖ´ø ÀÚ¸®."
"[4]"
"Çö¹é ±ÙÃ³¿¡ ½ÅÂÌÀÌ ÆÄ´Âµ¥ ¾Æ´Â »ç¶÷?"
"[5]"
"¿ìÀ¯¹è´Þ ÇÒ »ç¶÷ ¾øÀ¸¿ä~?"
"¸ñµ¿¿ª ±ÙÃ³»ç´Â »ç¶÷Áß Ä¡Å² ÁÁ¾ÆÇÏ¸é.."
"[1]"
"¿©½É »ç·Î ÀâÀº Å°½ºÀåÀÎ ³²ÀÚ¹è¿ì´Â?"
"[µð½ÃìÑÅÍºä] BP¶ó´Ï¾Æ, ´Ù½Ã Start a Fire"
"¾È³çÇÏ¼¼¿ä~~¾Æ´Â ÀÌ¸§ÀÌ ¾Æ¹«µµ ¾ø³×¿µ ¤Ì¤Ì"
"[2]"
"ÆÄ´ß¸Ô°í½Í´Ù"
"¿ø·¡ ÁßÇÐ±³³»½Åº¸´Ù °íµîÇÐ±³³»½ÅÀÌ ´õ µû±â½¬¿ò??"
"[7]"
"½ÅÁ¤2µ¿ÀÎµ¥ ¿À´Ã ¿ÖÀÌ¸® Á¤ÀüÀÌ Â¿Áö..."
"[1]"
"Á¦¹ß!Á¦¹ß!Á¦¹ß!"
"¾ß ´Ïµé ½Å¿ù7µ¿ cmp¿¡¼­ Àý´ë ½ÃÄÑ¸ÔÁö¸¶¶ó..."
"[11]"
"GM¼öÇÐÇÐ¿ø?"
"Çàº¹ÇÑ¼¼»ó ¾Õ ±¤Àå"
"[8]"
"¾çÃµ±¸½Î°íÁÁÀº±âÅ¸ÇÐ¿ø¾øÀ½?"
"7´ÜÁö Àç°ÇÃà µÇ¸é ´ÜÁö¿Í ¸ñµ¿¿ª ÀÌ¾îÁú °¡´É¼º ÃæºÐÈ÷ ÀÖ´Ù°í º»´Ù."
"[12]"
"¸ñµ¿°í Ä¡¸¶Áß°í·Î »ì¼öÀÖ´Âµ¥¾øÀ½??"
"[5]"
"¼ö°æÀÌ´Ô??? ¼öÇÐÇÐ¿øÃßÃµÁ»"
"[4]"
"10,11,12,13 ´ÜÁö±ÙÃ³ »ç´Â»ç¶÷??? + ½ÅÁ¤³×°Å¸®±îÁö"
"[12]"
"¾Æ·¡±Û Ã³·³ ÁøÂ¥ ¿äÁò¾Öµé Ä¡¸¶ ³Ê¹« ÂªÀº°Å°°´Ù..."
"[3]"
"³ªµµ ¸ñµ¿»ì¾Ò¾ú´Âµ¥ ÀÓ¸¶ ¸ñµ¿ÀÌ¶ó°í ´Ù °°Àº ¸ñµ¿ÀÌ ¾Æ´Ï´Ù"
"[14]"
"¾ß ³ª¶û ¶±Ä¥·Ã ¾ø³Ä?"
"[2]"
"½ÅÁ¤µ¿ ÁÖ¸»³óÀå"
"¿À¸ñ±³ÂÊ ¹«±³µ¿ ³«Áö ¾ø¾îÁö°í ¹«½¼ ¸¶´ÃÄ¡Å²Ä«Æä µé¾î¿À³ß.~"
"[3]"
"¿äÁò ¾Öµé ¿Ö ÀÌ¸® ±³º¹ Ä¡¸¶°¡ ÂªÀº °ÇÁö ¿ø."
"[7]"
"´Ôµé, ´ÔµéÀº ½ºÅ¸2 ¾îµð¼­ »ï?"
"[2]"
"±îÄ¡»ê¿ª ½ºÅ¸Áü ÈÖÆ®´Ï½º ÀÌ¿ë±Ç ¾çµµÇÕ´Ï´Ù."
"È¨ÇÃ·¯½º Ä¡Å² ·¹ÀÌµåÇÏ·¯ °¡´Ù º» °Í"
"ÆÄ´ßÄ¡Å²¸Ô°í½Í´Ù.."
"¾çÁ¤°í ¾Öµé"
"[3]"
"¿©±â¿¡ ¾ÆÄ§¿¡7½ÃÁ»³Ñ¾î¼­ 1¹ø¹ö½ºÅ¸´Â»ç¶÷ÀÕ³ª?¤»¤»"
"Á¤¶û°í°³ »ýÅÂÅë·Î"
"[5]"
"E½ºÆ÷Ã÷ÀÇ ¼ºÁö, ½ÅÁ¤µ¿ °õtv ½ºÆ©µð¿À"
"[2]"
"¾çÃµ±¸ Àç¼ö»ýµéÀ» À§ÇÑ ¿À¸ñ±³ ±â¼÷ÇÐ¿ø."
"[2]"
"½ÅÁ¤´ºÅ¸¿î"
"[1]"
"¾çÃµ±¸Ã»¿ª ½ÅÁ¤Â÷·®±âÁö."
"[1]"
"¿©½É »ç·Î ÀâÀº Å°½ºÀåÀÎ ³²ÀÚ¹è¿ì´Â?"
"[µð½ÃìÑÅÍºä] BP¶ó´Ï¾Æ, ´Ù½Ã Start a Fire"
"½ÅÁ¤µ¿´çÀÌ´Ù."
"[3]"
"¿äÁò ±×³ª¸¶ Áß°íµùµé ÇÐ±³Áú¹®ÀÌ ¸¹ÀÌ¾ø¾îÁ³³× ¤»¤»¤»"
"[1]"
"¸ñµ¿ÀÎµ¥ ¼úÇÑÀÜ»çÁÙ»ç¶÷"
"[2]"
"È¨ÇÃ·¯½º ±ÙÃ³ »ç´Â »ç¶÷ÀÌ ºÎ·´´Ù"
"[2]"
"¿À¸ñ±³ À°È¸ÁöÁ¸ »Ç°Ú´õ¶ó -_- ¹¹ µé¾î¿È?"
"[2]"
"¼úÁý ÃßÃµ ÇØÁà~~~~"
"[5]"
"¿À´Ã ¾ÆÀÌÀ¯ ½ÇÁ¦·Î ºÃˆª¤»"
"[5]"
"¾ç°¶Àº Á¤¸ð¾ÈÇÏ³ª"
"[5]"
"¹é¾Ï°í¾Õ ¼ö»óÇÑ °Ç¹°ÀÌ ÀÌ°Å?"
"[4]"
"È¤½Ã ¾çÃµ±¸Ã»¿¡¼­ ¾È¾çÃµ¾ß±¸Àå ´ë¿©ÇØº¸½ÅºÐ?"
"[3]"
"ÇÐ±³ Áú¹®½Î´Â  àµùµé ¾ø¾î¼­ ÁÁ´Ù"
"[1]"
"±¸·Î ·Ôµ¥¸¶Æ®ÂÊÀÖÀÝ¾Æ"
"[2]"
"¿À´ÃÀÇ Á¤ÂûÀÏÁö.(¾çÃµµµ¼­°ü ÂÊ°ú ¿¹¼úÀÎ¼¾ÅÍ¿¡ °üÇÑ ÀÌ¾ß±â)"
"[3]"
"¸ñµ¿¿ªÀÌ³ª ¿À¸ñ±³¿ª ±ÙÃ³¿¡¼­ ÁÖ¸»¿¡ ÇÑÀûÇÑ °÷ ÀÖ¾î?"
"[2]"
"¾ð ¸ð¾ß¤»¤»¤»¤»¤»¤»¤»¤»¤»¤»"
"¸ñµ¿¿¡ Á» »ý°ÜÁáÀ½ ÁÁ°Ú´Â°Å"
"[19]"
"¤±¤§¶û CELE¹¹ÀÓ?"
"[3]"
"´Ê¾ú³×. ÀÚ·¯°¥°Ô~ ´Ôµéµµ ¾î¿©ÁÖ¹«¼À."
"[1]"
"´ëÇÐÇÐ¿ø °Ç¹° ÇÑ»ùÀÌ¶û ¹ÝÀ¸·Î ³ª´²¾²ÀÜ¾Æ."
"[2]"
"´ëÇÐÇÐ¿ø 1ÃþÀÇ ÇÚµåÆù ´ë¸®Á¡µµ ¾ø¾îÁ³´øµ¥. ¸ð µé¾î¿Ã·Á³ª?"
"¿À¸ñ±³ 1¹øÃâ±¸(´ëÇÐÇÐ¿ø ³ª°¡´Â ÂÊ)¿¡ ´ëÇÐ¹®°í ¾ø¾îÁö°í ·¹½ºÅä¶û »ý±è."
"[7]"
"Æ®¶óÆÓ¸®½º »ó°¡´Â ¾ðÁ¦ ´Ù Âû±î?"
"[4]"
"Áö±Ý °ø»çÇÏ´Â ½º½Ã³ë¹ÌÂî ÀÚ¸®°¡ ½º¹«µð Å·ÀÌ¶ó¸é? ¤»¤»"
"[6]"
"¿ì¸®°¡ ¼­¾ç¾Öµé º¸´Ù Ä¿ÇÇ¿¡ È¯ÀåÇßÀ»°Å¾ß ¾Æ¸¶."
"[7]"
"¾îÁ¬¹ã¿¡ 41Å¸¿ö ¿¹Àü ½º½Ã³ë¹ÌÂî ÀÚ¸® ºÎ½Ã°í ÀÖ´øµ¥"
"[5]"
"¸ñµ¿Àº ³Î¸°°Ô È­Àå½ÇÀÌ¶ó¼­ ÁÁ´Ù"
"[7]"
"¤±¤§ ÀÌ»õ³¢¹¹Áö¤»¤»¤»¤»¤»¤»¤»¸ñµ¿ Áöµµ¸¸µå³Ä¤»¤»¤»¤»¤»¤»¤»¤»"
"[3]"
"¸ñµ¿ ¿¹¼úÀÎ¼¾ÅÍ ¿äÁò º¸´Ï ¹® ´ÝÇôÀÖ´øµ¥ ¶Ç °ø»çÁß´ÜÀÌ³Ä????"
"[4]"
"7´ÜÁö(¿À¸ñ±³ÂÊ) ¾Õ¿¡ ÆÐ¹Ð¸® ¸¶Æ® ÇÏ³ª µé¾î¿À´õ¶ó."
"[6]"
"¸çÄ¥Àü Åä¿ç³¯ º¸´Ï±î ½ÅÆ÷¿ì¸®¸¸µÎ ¿µ¾÷¾ÈÇÏ´øµ¥ ¤»¤»"
"[2]"
"¿©½É »ç·Î ÀâÀº Å°½ºÀåÀÎ ³²ÀÚ¹è¿ì´Â?"
"[µð½ÃìÑÅÍºä] BP¶ó´Ï¾Æ, ´Ù½Ã Start a Fire"
"¸çÄ¥Àü Åä¿ç³¯ º¸´Ï±î ½ÅÆ÷¿ì¸®¸¸µÎ ¿µ¾÷¾ÈÇÏ´øµ¥ ¤»¤»"
"[2]"
"¿À¸ñ±³ Ä«Æäº£³× ¿·¿¡´Â °­È£µ¿ÀÇ ¹éÁ¤(°í±âÁýÀÎµí) µé¾î¿À´õ¶ó."
"[2]"
"¿¹Àü ¿À¸ñ±³ ³óÇùÀÖ´ø ÀÚ¸®¿¡´Â ¹¹ µé¾î¿À³Ä?"
"[2]"
"µÇ´ÏÃ÷..... ¼³¸¶ KTH?"
"[1]"
"ÄOµé³ªÁøÂ¥»±¼Ò´Ñ´çÇß´Âµ¥Â÷Á»Ã£¾ÆÁ¶"
"[±Þ] ¾Ë¹Ù±Þ±¸!"
"½Å¿ùµ¿ Á¤¸» °³Á·°°´Ù"
"[11]"
"¾Æ"
"±èÅÂÈñ´Â¾Ë¾ÒÀ¸¤Ã¤¶À½¤»¤»¤»"
"µ¿¾Æ¸®´ë¸é½Ä"
"[4]"
"41Å¸¿ö ¿¹Àü ½º½Ã³ë¹ÌÂî ÀÚ¸® ¾îÄÉµÇ´ÂÁö ¾Æ´Â °¶·¯ ¾øÀ½?"
"[3]"
"½ÅÁ¤3µ¿ Áö¿ª ¿ìÀ¯¹è´Þ ÇÒ ÄOµé ¾ø¾î???"
"Çæ·¹ÀÌµðÁ¦ÀÎ¶Ò¹æÇö´ëÀÓ?"
"[2]"
"¾çÃµ±¸ÁÖº¯? È½Áý ÃßÃµÁ» ÇØÁÖ¼¼¿ä!!!"
"[3]"
"±ÝÀ¶°í ¹¹ÀÓ?"
"[3]"
"´Ù½ÃÇÑ¹øÁú¹®Á» "
"[6]"
"¿ì¸®Áý ÁÖ¼Ò´Â ¾çÃµ±¸ ¸ñµ¿µ¿·Î // ÀÌ°Å ¹¹ÀÓ?"
"[4]"
"·¹ÀÌµðÁ¦ÀÎ!"
"[2]"
"¸ñµ¿ ´ÙºñÄ¡¾È°æ ¿©±â ±¦Âú³ª¿ä?"
"[6]"
"°í3¹®°ú»ýÀ»À§ÇÑ¼öÇÐÇÐ¿øÃßÃµÁ»"
"[6]"
"¾ç°¶ °³³âµé¾Æ ±ÛÁ» ¿Ã¸®¶õ¸»ÀÌ´Ù"
"»õ·Î¿î ¶±¹äÀÎ°¡º¸³×....."
"[3]"
"¸ñµ¿Çö¹é¿¡¼­ ¿Ê Á» »ì·Á´Âµ¥ ¸îÃþ¸îÃþ °¡¾ßÇÏ³ª¿ä?"
"[10]"
"Çüµé ¾çÃµ±¸ ±ÙÃ³¿¡ ¾ß±¸Å¸°Ý¿¬½ÀÀå ¾øÀ½?"
"[1]"
"¹é¾Ï°í ¾Õ ¼ö»óÇÑ °Ç¹° Å½¹æÇÒ Á¤¸ð ±¸ÇÔ"
"[7]"
"¾çÃµ°ívs¹é¾Ï°ívs±Ý¿Á¿©°í"
"[6]"
"Æ¼ºñ¼ö½ÅÄ«µåÀÖ´Â»ç¶÷ Á¦¹ß ³ªÁ»µµ¿ÍÁÖ½Ê½Ã¿À....."
"½º¸¶Æ®Æù ¾²´Â ºÎÀãÁý ÄOµé ´©³ªµé¸¸¤»¤»¤»"
"´çºÐ°£ ºüÀÌ"
"[1]"
"°­¼­°íµîÇÐ±³ Ã¼À°°ü°Ç¹° ÀÖÀÝ¾Æ "
"[8]"
"¿©½É »ç·Î ÀâÀº Å°½ºÀåÀÎ ³²ÀÚ¹è¿ì´Â?"
"[µð½ÃìÑÅÍºä] BP¶ó´Ï¾Æ, ´Ù½Ã Start a Fire"
"¹é¾Ï°í ¿· ¼ö»óÇÑ °Ç¹°"
"[5]"
"ÆÄ´Ú¸Ó°Í´ç ¤»¤»¤»¤»¤»¤»"
"¾Æ¿À ¹«½¼ ´ëÇÐ±³ µµ¼­°üÀÌ ÁÖ¸»ÀÌ¶ó°í 3½Ã±îÁö¹Û¿¡ ¾È¿©³Ä"
"[1]"
"°­¼­°í1ÇÐ³â ´¾´¾ÀÎµ¥ Á» ºÁÁÖ"
"[13]"
"3¿ù ¸ðÀÇ°í»ç ÇïÀÌ³× ¤Ñ,.¤Ñ"
"[4]"
"O2 °×¹æ Èí¿¬¼®¿¡¼­ ÀÇÀÚÄ¡°í Áö³ª°¡Áö ¸¶¼¼¿©"
"[3]"
"¾ç°¶¿¡ ¿ÖÀÌ¸® Çã¼¼°¡¸¹¾î? °íµùµéÀÌ¸¹¾Æ¼­±×·±°¡??"
"[2]"
"2004³â, 2007³â¿¡ °øÅëÀ¸·Î ÀÏ¾î³­ ÀÏ...."
"[3]"
"HAM¹Ý ½ºÅ¸ÇÏ´Â »çÁø"
"[4]"
"ÇÜÀº ¹Ì·¡°­¹þ´Â°Í°°´Ù"
"[3]"
"¾Æ ¸ðÀÇ°í»ç Á¶Á³¾î"
"[7]"
"¿À´Ã........."
"[2]"
"¾çÃµ°í ¹Ù¸¥»ýÈ°ºÎ°¡ ¸ÓÇÏ´Âµ¥ÀÓ?"
"[8]"
"A¾ß ³Ê°¡ °¶ÁúÀ» ÇÒ¶§¸¶´Ù ³» ¸¾ÀÌ ³Ê¹« ¾ÆÇÁ´Ü´Ù¤Ð¤Ð"
"[4]"
"Çö´ë¿ùµåÅ¸¿ö¾Õ ±¤Àå GS¾Ë¹Ù"
"[4]"
"¾çÁ¤°í ½É»óÀÎ¼±»ý´Ô"
"[3]"
"ÄÄÅÍµ¿¾Æ¸®ÇÏ°í HAM ÇÏ°í"
"[3]"
"Áö±ÝÄÄÅÍ½ÇÀÎµ¥"
"[4]"
"½ÅÆ®¸®¾ÆÆÄÆ® ½Å¸ñµ¿À¸·Î ¹Ù²Û ³ð »ý°¢ÇÒ ¼ö·Ï ºýÄ£´Ù"
"[13]"
"½Å¸ñ°íÇàÁ¤½Ç(¿­Æø¤»)"
"[21]"
"¾Æ´Â ¿©ÀÚÄ£±¸ °áÈ¥½Ä °¬´Ù¿Ô´Âµ¥"
"[1]"
"³­ ¾îµð°¶·¯ ????? "
"[1]"
"°­¼­°í =Àç¼ö»ý¾ç¼º¼Ò ¿ä»õµµ ±×·³?"
"[5]"
"¾çÁ¤ ¾Æº£¸»ÀÌ¾ß"
"[8]"
"¸ñµ¿°í¾ø³Ä "
"[7]"
"211.58Àº º¾´Ï´Ù"
"[8]"
"¾çÁ¤¿©·¯ºÎ¿î~ ³»ÀÏ ÇÐ±³¿¡ »çº¹ÀÔÀº Á¹¾÷»ýÀÌ ¾î½½··°Å¸®¸é"
"[4]"
"¾çÃµ°í¿¡ »ó·Ï½ÇÀÌ ¸ÓÇÏ´Âµ¥ÀÓ?"
"[5]"
"¾ç°¶ °íµùµé º¸¼¼¿ä."
"[20]"
"¾çÁ¤ÀÎÀº º¸¼¼¿ä."
"[5]"
"¿©½É »ç·Î ÀâÀº Å°½ºÀåÀÎ ³²ÀÚ¹è¿ì´Â?"
"[µð½ÃìÑÅÍºä] BP¶ó´Ï¾Æ, ´Ù½Ã Start a Fire"
"Áõ¸í»çÁø ¾îµð°¡ ÀßÂïÀ½? "
"[3]"
"Á» °í±Þ½º·´°í ¸ÀÀÖ´Â ÃÊÄÚ·¿¼¼Æ® °°Àº°Å ÀÖÀÚ³ª. ±×·±°Å ¾îµð¼­ ÆÈ¾î?"
"[1]"
"¾çÁ¤°í µ¿¾Æ¸®ÃßÃµÁ»"
"[10]"
"´ë¾çÁ¤ ¼±¹è´Ôµé"
"[9]"
"Áßµù¿©·¯ºÎ¿ì¿î~"
"[2]"
"¾çÃµ°í ±³º¹Á» »ì¼öÀÕ³ª???"
"[2]"
"¾çÃµ±¸Ã»¼Ò³â °¶·¯¸®³×"
"[2]"
" ¿À´ÃÀÕ¾ù´ø ½ÇÈ¯µ¥¿ä Á¶¾ðÁ»"
"[7]"
"³ª °­¼­°í´Ù´Ò¶§ ¿ì¸®¹Ý¿¡ ºÒ³µ¾ú´Âµ¥"
"[3]"
"ÄOµé¾Æ ±ÞÁúÀÌ´Ù ¸ñµ¿/½ÅÁ¤µ¿¿¡ Á¶¿ëÇÑ ½Ä´çÁ» ¾ø³Ä?"
"[4]"
"°­¼­°íÀçÇÐ»ýµé ÀÌ°ÍÁ»ºÁÁà¤»¤»°Á °©ÀÚ±â ±Ã±ÝÇØ¼­..."
"[1]"
"°­¼­°í Á¹¾÷ÇØ¼­ Àç¼öÅ©¸®"
"[1]"
"´ëÀÏ°í ¼±¹èÇü¤·µé¾Æ ´ëÀÏ°í¾î¶¶?"
"[3]"
"¿µµµÁß °­¼­Å×Å©"
"[2]"
"¾çÃµ±¸ ´ëÇÐ»ý Á¾ÀÚµéÀº ¾ø³Ä"
"[13]"
"¾çÁ¤°í ¿ÖÀÌ·¸°Ô ¸ÁÇßÁö??"
"[13]"
"³ª Ã³À½ °­¼­°í°¬À»¶§.."
"[3]"
"¿Í ¾îÁ¬¹ã¿¡ ´ë¹Ú ¹«¼­¿î²Þ …f´Âµ¥"
"[1]"
"°­¼­°í ¼±¹è´Ôµé¾Æ ¤Ð¤Ð"
"[9]"
"¾êµé¾Æ ´ëÇü »çÀÌÁî ÄÚÆÃ °¡´ÉÇÑ À§Ä¡ ÁÂÇ¥ Á» ºÒ·¯ºÁ¶ó"
"[2]"
"¾çÁ¤°íµîÇÐ±³ µ¿¾Æ¸® ÃßÃµÁ»ÇØÁà¿ä ~ !"
"[23]"
"Çüµé ¾çÁ¤°í ÀÓÈ£¾Æ´Â»ç¶÷Á»ºÁÁà ¾ÆÂ¥Áõ³ª³×"
"[15]"
"¹ý¿ø°¡´Â±æÂÊ ¸ÅÀÏÇï½ºÀå´Ù´Ï´Â¾Ö¾ø³Ä"
"½ÅÁ¤1µ¿¿¡ ³ªÀÌÆ®Å¬·´¾ø³Ä?"
"[4]"
"¾çÁ¤°í ÄÄÇ»ÅÍ µ¿¾Æ¸® Áú¹®¿© ¼±¹è´Ôµé"
"[21]"
"Áý¿¡¼­ ÇÐ±³°¡´Âµ¥ 40ºÐ"
"[2]"
"5È£¼±ÀÌ¶û 9È£¼± Â÷ÀÌÁ¡ÀÌ ¹¹¿¡¿ä?¤»"
"[5]"
"ÅÃ½Ã±â»ç °³1»õ³¢ ÇØºÁ"
"[4]"
"¿À¸ñ±³ÂÊ ¸¹Àº ±îÆäµéÁß¿¡."
"[4]"
"Çü´Ôµé¾Æ ÀúÈñÁý¿À¼Å¼­ Àú¶§¸®Áö¸¶¼¼¿© ¤Ð¤Ð"
"[13]"
"¿©½É »ç·Î ÀâÀº Å°½ºÀåÀÎ ³²ÀÚ¹è¿ì´Â?"
"[µð½ÃìÑÅÍºä] BP¶ó´Ï¾Æ, ´Ù½Ã Start a Fire"
"Çüµé ½ÅÁ¤¿ª~½Å¼­°í¿¡ »ç´Âµ¥ ±ÙÃ³ µ¶¼­½Ç ÁÁÀº°÷ ÃßÃµÁ».;"
"[4]"
"¾çÃµ°í ¹èÁ¤µÈ ¾Æ°¡µé È¯¿µÇÑ´Ù ¤¾¤¾;"
"[14]"
"Çæ¤» ´ëÀÏ°í ¹Ý¹èÄ¡°í»ç"
"[4]"
"¸ñµ¿ÂÊ¿¡ Ã¥ Á¦º»ÀÌ³ª ºÐÃ¶ÇØÁÖ´Âµ¥ ¾øÀ»±î?"
"[5]"
"±×³É ÁÁÀº ±Û..."
"[10]"
"Çüµé ¤¾¤·½Å¸ñ°í¹èÁ¤¿ä"
"[3]"
"Final Fantasy 6 2ÁÖ°É·Á¼­ Å¬·ÁÇØ¾¸."
"[1]"
"¾çÃµ±¸¿¡ »ç´Â Áß°íµùµéÀº ¹ã±æÁ¶½É¿©"
"[9]"
"ÀÌ°ú»ý º¸¿©ºÁ¿ä "
"[3]"
"¸ñ¿îÃÊ,ÇÏÀÌÆä¸®¿ÂÀÇ À§¾ö"
"[17]"
"°¶·¯¸® ¿©·¯ºÐ... ¿©ÀÚÄ£±¸ ¸¸µé¾î¼­ "
"[2]"
"Çæ ¸ñ3µ¿ ½ÃÇÁÆ® »ç½Ç?"
"[1]"
"¸ñµ¿¿ª¿¡¼­ 9È£¼± Å¸·Á°íÇÏ´Âµ¥ 9È£¼±Àº ¾ó¸¶?"
"[1]"
"½Å¿ùµ¿¼­ 10³â³Ñ°Ô »ì¾Ò´Âµ¥"
"[5]"
"¿©±â´Â"
"[4]"
"½Å¼­°í´Â ÀÌ°ÅÇÏ³ª¸é ¼³¸íÀÌ ³¡³ªÁö"
"[1]"
"¾î ¾çÃµ°¶ Àú¹ø¿¡ ¾ø´ÂÁÙ ¾Ë¾Ò´Âµ¥?"
"[1]"
"¿©±â°¡ ¾çÃµ±¸ °íµîÇÐ±³ °¶·¯¸®³Ä?"
"[5]"
"¾çÁ¤ ÀÌ°úÇüµéÇÑÅ× Áú¹®.."
"[3]"
"°íµîÇÐ±³ Á¤¸» ¾îµð°¡¾ß ÇÏ³ª¿ä?"
"[12]"
"¹Ý¹èÄ¡°í»ç "
"±¤¿µ°íµîÇÐ±³ µÎ¹ßÀÚÀ¯°¡ »ç½ÇÀÎ°¡¿ä?"
"[3]"
"È®½ÇÈ÷ ¸ñ¿îÃÊ°¡ ´ë¼¼³×"
"[11]"
"Àï¹Ý ÀÚÀå¿¡¼­ ¼ÕÅé ³ª¿Ó´Ù."
"[9]"
"½Å¸ñÁßÇÐ±³ ±×·¸°Ô ´ë´ÜÇÔ?"
"[12]"
"¾Æ·¡±Û ÀÐ´Ù°¡ °©ÀÚ±â »ý°¢³­ ¾ç¿ëÁØ ¼±»ý"
"[2]"
"¾çÁ¤ ´ã¹è Àå¼Ò"
"[7]"
"¼ÖÁ÷È÷ °íµîÇÐ±³ ¹èÁ¤ Áß¿äÇÏ´Ù"
"[5]"
"[±×·¡µµ ¾çÃµ±¸°¶¿¡¼­ ³î¾Æ¾ßÁö] "
"[3]"
"´ëÀÏ°í °úÁ¦ ¹ÌÄ£¤»¤»¤»¤»¤»¤»¤»¤»¤»¤»¤»"
"[11]"
"¿©½É »ç·Î ÀâÀº Å°½ºÀåÀÎ ³²ÀÚ¹è¿ì´Â?"
"[µð½ÃìÑÅÍºä] BP¶ó´Ï¾Æ, ´Ù½Ã Start a Fire"
"¾çÁ¤¾Öµé ¿äÁò ´ã¹è ¾îµð¼­ ÇË?"
"[9]"
"¸ñµ¿°í ¿¹ºñ°í1"
"[3]"
"xxxµé¾Æ ±×³ÉÀÚÆÇ±âÄ¿ÇÇ³ª¸¶½ÃÁö¹º³ðÀÇ  Ä¿ÇÇÀü¹®Á¡Ä¿ÇÇ¾ß"
"[11]"
"¾çÃµµµ¼­°ü¿¡ Ã¥ º¼°Å ¸¹¾Æ?"
"[2]"
"ÃÖÇö±Ô´Â ÁÁÁö ¸øÇÏ´Ù"
"[3]"
"ÃÖÇö±Ô»û±â ¾È¶§¸®±ä°³»Ô"
"[1]"
"À¸ ´ëÀÏ½ÅÀÔ»ý °úÁ¦ Áú¹®Á»¿©"
"[6]"
"°­¼­°íÀçÇÐ»ýÇüµé~_~"
"[5]"
"½Åµµ¸²¿ª °³ ÁÁ¾ÆÁ³³× ¤Ñ¤Ñ"
"[1]"
"¾ç°¶ ¼ºÀÎ°¶·¯µé Âü°íÇÏ±æ"
"¾çÁ¤ ÀÓÈ£¶ó´Â »ç¶÷ÀÌ ±×·¸°Ô¾²·¡±â??"
"[2]"
"¾çÁ¤°í1 ¹Ý¹èÁ¤µÊ¿©"
"[6]"
"½ÅÁ¤3µ¿ ÇÏÀÌºô 104µ¿¿¡ ÀÖ´Â µ¶¼­½Ç¿¡ ´ëÇØ¼­ ¹°¾îº¼²²"
"[3]"
"¾È³ç ¾çÃµ°¶ ¾Öµé¾Æ"
"½Å¸ñ°í"
"[5]"
"¸ñµ¿ ÂÊÀ¸·Î Ä­¸·ÀÌ ¾ø´Â µµ¼­°ü, ¿­¶÷½Ç, µ¶¼­½Ç ¾øÀ½?"
"[2]"
"°­¼­°íµÈ ¾ÖÀÎµ¥ Á¶¾ðÁ»"
"[8]"
"ÇÐ±âÃÊ¿¡ ÀüÇÐ¸¹ÀÌ°¨,½Å¸ñ°í?"
"¾î¶² »õ;Å°°¡ ´õ Çà¿î¾Æ¾ß ?"
"[11]"
"°íµîÇÐ±³ ÀÔÇÐÇÏ½Å ºÐµéÀÌ º¸½Ã¸é ÁÁÀº ±ÛÀÔ´Ï´Ù."
"[1]"
"¸í´ö°ívs½Å¸ñ°í"
"[5]"
"±Ý¿ÁµÆ´Ù¤»¤»¤»¤»¤»¤»¤»¤»¤»"
"[2]"
"¹é¾Ï°í ¹èÁ¤ µÌ´Âµ¥"
"[16]"
"ÀÌ¹ø¿£ °íµùµÈ ¾ÖµéÁ» ºÁÁÖ¶ó."
"[3]"
"¾ÆÀÌ·±..¸¶Æ÷°í°¡ ÁøÂ¥ µÉÁÙÀº...¸¶Æ÷°í Á¤º¸¾Æ½Ã´ÂºÐ Á¤º¸Á»¿ä ¤Ð¤Ì"
"[25]"
"È¤½Ã °­¼­°í ¹èÁ¤¹ÞÀº»ç¶÷ ¤»¤»¤» "
"[2]"
"¿À½Ã¸Á ¤»¤»¤»¤»"
"¾çÃµ±¸°¶·¯¸® Áß°íµù žÍÄÉ¸¹³Ä ÁøÂ¥ "
"[7]"
"¾çÁ¤°í ¼±»ý ±Û Áß ÃÖÇö±Ô ¿åÇß´Ù°í ³ª ´©±ºÁö ±Ã±ÝÇÏ´Ù ½è´ø ³ð ºÁ¶ó"
"[5]"
"¿µÀÏ°í¿¡ ¸ñµ¿Ãâ½Å ºñÀ² ¾ó¸¶³ª µÅ¿ä?"
"[5]"
"¿©½É »ç·Î ÀâÀº Å°½ºÀåÀÎ ³²ÀÚ¹è¿ì´Â?"
"[µð½ÃìÑÅÍºä] BP¶ó´Ï¾Æ, ´Ù½Ã Start a Fire"
"Çü¾Æµé ´ëÀÏ°í"
"[12]"
"½Å¼­°í°¡ ·¹¾Ë¾²·¹±â¾ß?"
"[8]"
"´Ù ÇÊ¿ä¾ø°í,"
"Çüµé ³ª Á¤¸» ¹°¾îº¼°ÔÀÖ¾î "
"[2]"
"1Áö¸Á ½Å¸ñ 2Áö¸Á ½Å¼­ ÀÚ°í·Î ³­ ·Ôµ¥Ä³½½»ê´Ù "
"[3]"
"Áø¸í¿©°í ¹èÁ¤µÊ¿©"
"[7]"
"¸ÁÇÒ °í±³¼±ÅÃÁ¦ ¶§¹®¿¡"
"[7]"
"ÀúÀÌ¹ø¿¡ ¾çÁ¤°íµé°¡´Âµ¥¿ä"
"[9]"
"°íµîÇÐ±³¹èÁ¤ ºÎ¿Î¤»¤»¤»¤»¤»¤»¤»¤»¤»¤»¤»"
"[3]"
"[ ¾çÃµ±¸ °¶·¯ ¿©·¯ºÐ ÁË¼ÛÇÕ´Ï´Ù. ]"
"[13]"
"¾Æ....¾çÃµ°í¹èÁ¤µÊ...¤µ¤²."
"[6]"
"Ãß¾ïÀÌ¾ß±â³ª ÇÒ±î."
"[4]"
"[Àç¼ö/Á¾·ÎÇÐ¿ø/Àç¼öÇÐ¿ø] ¿ì¸®¾ÆÀÌ Á¾·ÎÇÐ¿ø¿¡¼­  Àç¼ö ¼º°ø~"
"[8]"
"°ú°Å ¾çÃµ±¸ÀÇ ¸ð½ÀÀ» º¼ ¼ö ÀÖ´Â »çÀÌÆ®"
"[10]"
"³»ÀÏ °íµîÇÐ±³ ¹èÁ¤°á°ú ¹ßÇ¥."
"[5]"
"º½ÀÎµ¥ÀÌ°Å¾î¶²°¡ Çü´©³ªµé..¤»¤»"
"[1]"
"½º½Ã³ë¹ÌÂî °Ç¹° ¾ÈÂÊÀ¸·Î ÀÌÀüÇß³×. ±×·¯¸é ºóÀÚ¸®¿¡´Â ¹¹°¡ µé¾î¿À³Ä?"
"[3]"
"¾çÁ¤°í ¼±»ý"
"[16]"
"±æ¹Ù´Ú¿¡ ¾²·¹±â ¹ö¸®´Â °Å"
"[4]"
"½ÅÁ¤µ¿, ¸ñµ¿ °³ÀÎº´¿ø Áß¿¡¼­ À§³»½Ã°æ °¡´ÉÇÑ µ¥ ÀÖÀ½?"
"[12]"
"°­¼­°í ´Ù´Ï´Â ÀçÇÐ»ýµé ÇÊµ¶! ¿ÃÇØ Á¹¾÷»ýµéµµ!"
"[3]"
"±×·¯°íº¸´Ï . "
"[4]"
"´ë±¸¼­ ¿Ã¶ó°¡´Âµ¥ Áú¹®Á»"
"[4]"
"ÇÇºÎ°ú ÃßÃµÁ» ÇØÁà¿ä"
"[2]"
"¹é¾Ï/±Ý¿Áµµ "
"[4]"
"´Ôµé¾Æ ¸ÀÁýÃßÃµÁ»"
"[4]"
"½Å¿ù6µ¿±ÙÃ³¿¡ Çï½ºÀå"
"[1]"
"¾ç°¶ÄOµé ÅÂ±ÇµµÀå ±¦ÂúÀºµ¥ ¾Æ´Â»ç¶÷ÀÖ¾î?"
"[1]"
"½Å¼­°í vs ½Å¸ñ°í"
"[10]"
"½Å¸ñ°í ±³º¹ ¾îµð²¨ ÀÌ»Ý?"
"[2]"
"¿©½É »ç·Î ÀâÀº Å°½ºÀåÀÎ ³²ÀÚ¹è¿ì´Â?"
"[µð½ÃìÑÅÍºä] BP¶ó´Ï¾Æ, ´Ù½Ã Start a Fire"
"¾çÁ¤°í¼±¹è´Ôµé"
"[11]"
"°íµîÇÐ±³ ±¹¾î¿°"
"[8]"
"°¶·¯¸® ¿©·¯ºÐ.... µ· ¸¹ÀÌ ¹ú¾î¼­"
"[6]"
"5´ÜÁö ´ëÇÕÅÁ ¼öÁ¦ºñ"
"[4]"
"ÁßÇÐ±³ Á¾°áÀÚ "
"[35]"
"¾çÁ¤°í"
"[21]"
"ÈÄ¹è´Ôµé¾Æ Ãß¾ïÀÇ ´ëÇÐÇÐ¿ø ¸ÁÇÔ??¤¾¤¾"
"[13]"
"7´ÜÁö »ç´Â»ç¶÷ ¼Õ"
"[2]"
"¾çµ¿ÁßÃâ½Å "
"[13]"
"µåµð¾î ¿ë¿Õ»ê Å½¹æ. "
"[6]"
"lu¶óÀÎ¾÷Å¬¸®´Ð ¿©±â ±¦ÂúÀ½?"
"[4]"
"°­¼­ ¾çÁ¤ ºñ±³Á»¿ä ¤·¤·"
"[74]"
"³ª ¸ñµ¿¿¡¼­ 20³â »ì¾Ñ´Âµ¥¿©"
"[3]"
"´Ôµé ¾çÃµ±¸¿¡¼­ ÀÎÅÍ³Ý ºü¸¥ ÇÇ½Ã¹æ ¾îµðÀÖ´ÂÁö ¾Æ¼¼¿ä?"
"[2]"
"¿©±â À¯´Ï¿ÂÇï½º´Ù´Ï´Â ÄOÀÕ¾î?"
"[2]"
"21214"
"½ÅÁ¤3µ¿»ç´Âµ¥"
"[14]"
"°æÀÎ°í¼Óµµ·Î ÁöÇÏÈ­ »ç¾÷ È®Á¤"
"[4]"
"½Î°í ÀßÇØÁÖ´Â Ä¡°úÁ» ÃßÃµÇØÁà¿ä!!!"
"[3]"
"ÇÇºÎ°ú ÃßÃµÁ» ÇØÁÖ¼¼¿©"
"[1]"
"±Ã±ÝÇÑµ¥ ¸ñµ¿ ·Ôµ¥Ä³½½À§³Ê ÀÌ·±µ¥º¸´Ù 7´ÜÁö 1´ÜÁö ÇÏ´Â¾ÆÆÄÆ®µéÀÌ ´õ "
"[18]"
"¾çÃµ±¸°¶·¯¸® ÀÌ °³Á¾ÀÚ»ûÄûµé¾Æ Å°¹è¶ßÀÚ"
"[1]"
"³ª °³È­µ¿ »ç´Âµ¥ ¿ì¸®Áý°ª 10¾ï ÂïÀ½¤»¤»¤»¤»¤»¤»¤»¤»¤»"
"[10]"
"¾çÃµ±¸ ¹ø°³ °øÁö"
"[6]"
"Çï½ºÀåÀº ¸ÇÇÏÅºÀÌ Áø¸®ÀÎ°¡?"
"[1]"
"¸ñµ¿À¸·Î ÀÌ»ç°¥°Å °°Àºµ¥ ¹ä»çÁÜ ¤·¤·?"
"[4]"
"¾çÃµ°í Á¹¾÷»ýÀÎµ¥ ¾çÃµ°í¿¡¼­´Â ¾ÆÁ÷µµ Ã¼¹úÇÏ³ª¿ä ¤»¤»"
"[6]"
"³»°¡ ³ª¿Â ÁßÇÐ±³´Â "
"[13]"
"¿Ö ÇÐ±³µå¸³ÀÌ¾ß Á¤¸ð³ªÇÏÀÚ ¤»¤»¤»¤»¤»"
"[1]"
"¼­¿ï »ó¾Ï°ú ¿µµîÆ÷ ¾çÆòµ¿À» ÀÕ´Â ¿ùµåÄÅ´ë±³°ø»çÇöÀå ±â»ç´Ù. ºÁºÁ."
"[1]"
"¿©½É »ç·Î ÀâÀº Å°½ºÀåÀÎ ³²ÀÚ¹è¿ì´Â?"
"[µð½ÃìÑÅÍºä] BP¶ó´Ï¾Æ, ´Ù½Ã Start a Fire"
"°íÇâÀÇ °³³äÀÌ ´Ü¼øÈ÷ ÅÂ¾î³­ °÷ÀÌ³Ä? ¾Æ´Ô ÅÂ¾î³ª¼­ ¾î´ÀÁ¤µµ ÀÚ¶õ°÷ÀÌ³Ä?"
"[9]"
"»ç¸³ÇÐ±³ ´Ù³à¼­ ¾ò´Â ¸Þ¸®Æ® "
"[9]"
"¸ñ1ÁßÇÐ±³ °¬´Ù ¿ÔÀ½..."
"[4]"
"À§´ëÇÑ °­¼­°íÃâ½Å À¯¸íÀÎµé"
"[6]"
"¾çÁ¤°í ¿äÁòµµ ±³È¯ÇÐ»ý ÇÏ³ª??"
"[10]"
"¿À¸ñ±³¿ª ÁÖÀ§ Ä«Æäµé »ç¶÷ ³Ê¹« ¸¹À½ ¤Ñ¤Ñ¤»"
"[9]"
"1~6´ÜÁö ÂÊ¿¡ °í±âºÎÆä ÇÏ³ª »ý°åÀ¸¸é ÁÁ°Ú´Ù"
"[5]"
"½ÅÁ¤µ¿Â÷·®±âÁö ÀÌ·¸°Ô °³¹ßµÈ´Ù´Âµ¥ ¾î¶³²¨°°À½??(»çÁøêó)"
"[3]"
"´ÜÁö³Ý ¾²Áö¸¶¶ó ÁøÂ¥"
"[4]"
"¾çÃµ±¸ - °­¼­±¸ ¶¥ ¸Â±³È¯ÇÏÀÚ "
"[13]"
"°£¸¸¿¡ ºÎ°¶ µé¾î°¬¾ú´Âµ¥ ¸ñµ¿ ÅÐ¸®°í ÀÖ´øµ¥"
"[7]"
"Àå±âÀÓ´ëÀü¼¼¾ÆÆÄÆ® Áþ°í ÀÖ´Â °÷¿¡ ´ëÇØ ¸¹ÀÌµé ¾Æ½Ã³ª?"
"[4]"
"½Å¸ñ°í Ã¼À° ¹¹ÇÔ"
"[4]"
"ºÎ°¶ °£¸¸¿¡ ¿ô¾ú³ß ¤»¤»"
"[3]"
"¾çÃµ±¸¿¡ 1ÀÎºÐ¸¸ ÁÖ¹® °¡´ÉÇÑ °í±êÁý ÀÖ³ª¿©?"
"[5]"
"¾çÃµ±¸(¼­ºÎ)°¡ ¼­¿ï µ¿³²ºÎ »óÀ§±Ç Áö¿ª¿¡ ºñÇØ ºÎÁ·ÇÑ Á¡(³»¿ë°£·«ÇÔ)"
"[19]"
"¾ç°¶ÀÇ Ä«¹ÐÀº ¾ðÁ¦ ÇÑ¹ø ¾Æ¿ì¶ó Á¤¸ð °©½Ã´Ù."
"[5]"
"¾ç°¶ ÄOµé Á¦¹ß ÁÁ°Å³ª °ªÀÌ ±¦ÂúÀº Çï½ºÀå ÃßÃµÁ»¤Ð¤Ð"
"[7]"
"¾çÃµ±¸ ¸¶À»Ã¶µµ ÁöÀ¸¸é "
"[1]"
"¸ñµ¿Åõ¾î"
"[14]"
"°ñ¼ö Ä«¹Ð¸®¾Æ(Ä«¶ó ÆÒ)·Î½á ¸»ÇÏ´Âµ¥ "
"[7]"
"¸ñµ¿¹Ì¿ë½Ç ÃßÃµÁ»"
"[17]"
"¸ñµ¿¿¡ ÀÎ½ÉÀº »ì¾ÆÀÖ´Ù!!"
"[5]"
"Á¦¹ß ³¯¾¾ Ç®·ÈÀ»¶§ ¼±°ÅÇßÀ½ÁÁ±N´Ù."
"[6]"
"¿À´Ã ¸ñµ¿¼º´ç¾Õ¿¡¼­ »ç°í³².."
"[5]"
"¿ä»õ ¿Ö ÀÌ·¸°Ô Á¤ÀüÀÓ. ±×³ªÀú³ª Ä«¶ó"
"[1]"
"³»°¡ ¾çÃµÀÎÀÌ´Ù"
"[2]"
"¿ë¿Õ»êÀÌ ¾îµø´Â°÷ÀÓ ?"
"[6]"
"Á¦¹ß Ä«¶ó´Â Àý´ë ÇØÃ¼µÇ¸é ¾ÈµÈ´Ù."
"[11]"
"¾ÆÄ§ºÎÅÍ À¢ ³¯º­¶ôÀÓ¤»¤»¤»¤»"
"[4]"
"¿©½É »ç·Î ÀâÀº Å°½ºÀåÀÎ ³²ÀÚ¹è¿ì´Â?"
"[µð½ÃìÑÅÍºä] BP¶ó´Ï¾Æ, ´Ù½Ã Start a Fire"
"±³È¸´Ù´Ï´Â »ç¶÷ ÀÖÀ½? Á¦ÀÚ±³È¸ ´Ù´Ï´Â »ç¶÷ ÀÖ¾î¿ä?"
"[3]"
"¾ç±¸ ¹Ì·¡ÀüÃ¶µµ¤§¤§¤§¤§¤§¤§¤§¤§¤§¤§¤§"
"[15]"
"¾çÃµ±¸Ã»Àå ±¸¼ÓÅ©¸® ¶Ç º¸±È¼±°Å ¤¡¤¡¤µ"
"[11]"
"½ÅÁ¤¿ªÂÊ¿¡ °³¿ïÀÛÀºµµ¼­°ü ¾Æ½Ã´ÂºÐ~??!"
"[3]"
"ÅÃ½Ãºñ ÄûÁî Á¤´ä "
"[1]"
"±³°ú¼­¸¸ º¸¸é ¼ö´É ¼ö¸®¸ÁÇÏ´Â ÀÌÀ¯..."
"[8]"
"Çö¹é ¿· °ø¿µÁÖÂ÷ÀåÀº º¹°³Ãµ ¾Æ´Ô? °Å±æ ¾î¶»°Ô °³¹ßÇØ ÄOµé?"
"[3]"
"½Ä»ç ¸¶¾Ä°Ô ÇÏ½Ã°í. ´«ÆÃ ¾ç°¶·¯´Â ±ÛÀ» ½á¶ó "
"[1]"
"¾ç°¶·¯´Â ¾î¶² ¾ÆÀÌµ¹ ÁÁ¾ÆÇÏ¹«´Ï±î?"
"[5]"
" ¸ñµ¿¿¡ ¹éÈ­Á¡ ÇÏ³ª¸¸ ´õ »ý°åÀ¸¸é ÁÁ°Ú´Ù.. ( + ÇØµ¸ÀÌ Â©)"
"[11]"
"ÄO´Ôµé¾Æ ¹Ú»óÁØ¾îÇÐ¿ø °µÃáÇØ¿ä?"
"[11]"
"¾îÁ¬¹ã ¶Ç´Ù½Ã ¸ñµ¿ Åõ¾î¸¦ ÇÏ°í ¿Ô´Âµ¥"
"[8]"
"ÄOµé¾Æ. ¸ñµ¿¿¡ ±¸¸³Ã»¼Ò³âµ¶¼­½Ç ¾îµð¾îµð¿¡ ÀÖ¾î?"
"[8]"
"ÁÖ¿õÂù "
"[1]"
"°­¼­°í ¼öÇÐ¼±»ý ÃßÃµÁ¡"
"[9]"
"°­¼­ÃÊµîÇÐ±³´Â Á¤¸» ¾çÃµ±¸ÀÇ Ãà±¸ ¼ºÁö´Ù."
"[2]"
"ÇÑ°¡¶÷ ÈÄ¹èµé¾Æ"
"[10]"
"Æ®¶óÆç »ç´Â À×¿©ÀÖ³Ä?"
"¿µµµÁßÇÐ±³"
"[9]"
"¾î¸Ó´Ï ¼öÇÐÀÌ ¾î·Á¿ö¿ä.. ¿¡ ´ëÇÑ °¢ µ¿³× ¾ÆÁÜ¸¶ ¹ÝÀÀ"
"[7]"
"11È£¼± °èÈ¹ÀÌ ÆóÁöµÇÁö ¾Ê°í °³ÅëÇß´Ù¸é"
"[8]"
"Áö°ÔÂ÷ ¼ÒÀ¯ÇÑ ¾ç°¶ ÄO´Ôµé ÀÖÀ¸½Å°¡?"
"[4]"
"´Ü±â¾Ë¹Ù°°Àº°Å ±¸ÇÏ´Â »ç¶÷ ¾ø³ª?"
"[4]"
"Çüµé¾È³àÀ¯¤Ð"
"[3]"
"¼û°ÜÁø_¾çÁ¤ÀÇ_ºñ¹Ð±âÁö.jpg"
"[2]"
"¾çÃµ±¸ ¿©°íµéÀº ¿Ö ¸ÁÇÑ°ÅÁö??"
"[21]"
"ÈÄ¹èµé¾Æ. ´ëÀÏ°í¿¡ ´ëÇØ ±Ã±ÝÇÑ°Å ÀÖÀ¸¸é ´Ù ¹°¾îºÁ"
"[9]"
"ÀÌ°Å ¾î¶»°Ô µÈ°ÅÀÓ ?"
"[3]"
"½Å¸ñ°í ,¸ñµ¿°í Áß ¾îµð°¡ ³ªÀ½? "
"[17]"
"¿¾³¯¿¡ ÇÏÆä2 »ý±â±âÀü¿¡ ±×ÀÚ¸®¿¡"
"[4]"
"¿©½É »ç·Î ÀâÀº Å°½ºÀåÀÎ ³²ÀÚ¹è¿ì´Â?"
"[µð½ÃìÑÅÍºä] BP¶ó´Ï¾Æ, ´Ù½Ã Start a Fire"
"ÀÌ·± °³ ¸·Àå ¾ç°¶·¯µé"
"[1]"
"¿À¸Þ°¡ÇÐ¿ø¾Æ´Â»ç¶÷"
"[2]"
"¹æ°©³×..."
"[6]"
"Å×¶óÇØº´½Å»õµé¾Æ ¤¾¤»¤¾¤»¤¾"
"[3]"
"°íµîÇÐ±³ Å©¸®"
"[9]"
"10´ÜÁö ¾Æ·¡ ´ÜÁö¿¡ »ç½Ã´Â ºÐµé²² ¿©Âã½À´Ï´Ù"
"[8]"
"½Å¿ù7µ¿ ÂÊ¿¡ ¸ðÅÚ ¶Õ¸®´Â °÷ ÀÖ³Ä?"
"[7]"
"½ÅÁ¤³×°Å¸®¼úÁýÀº"
"[1]"
"ÇÏ´Ã¿¡¼­ º¸´Â ¾çÃµ±¸ °íµîÇÐ±³"
"[16]"
"»ó¾Ï-¼ö»öµ¿À» ÁÖ¸ñÇÏ¶ó.!~"
"[1]"
"¤·2¤·2¤·2"
"°íµîÇÐ±³ ¿ø¼­ ½è´Âµ¥.."
"[16]"
"Çàº¹ÇÑ ¼¼»óÀÌ Áö±Ý ±×³ª¸¶ ÀÌÁ¤µµ ÀÎ°Ç¸»¾ß"
"[10]"
"ÀÌ°Å ÇÔ ºÁºÁ¶ó. ¸ñµ¿ Àç°ÇÃà°ú, ºÎµ¿»ê¿¡ °ü·ÃµÈ. Àü¹®ÀÎÀÌ ¾´ ±ÛÀÌ´Ù."
"[3]"
"¤±¤§ÄO ±Û º¸°í ºÎ°¶ Àá±ñ °¡ºÃ´Âµ¥"
"[5]"
"¿ä»õ ºÎ°¶ÀÌ Á¡Á¡ ´õ °­³²°¶ È­ µÇ°¡°í ÀÖ´Ù."
"[4]"
"´ç½ÅÀÇ Çàº¹Áö¼ö´Â ¸îÁ¡ÀÔ´Ï±î?"
"[1]"
"¿À¸ñ±³,¸ñµ¿,½ÅÁ¤³×°Å¸®ÂÊ ¿À¶ô½Ç ¾Æ½Ã´ÂºÐ??"
"[4]"
"¸ñ1µ¿¿¡ °ÔÀÓ¼¾ÅÍ°¡ÀÖ³ª¿©"
"[6]"
"½Å¿ùµ¿ ¼­¼­¿ïÈ£¼ö°ø¿ø Áö¸® ¾Æ½Ã´ÂºÐ~?!?!"
"[3]"
"¾Æ¾Æ¾Æ¾Æ¾Æ¾ÆÇÇ°ïÁa¤»¤»¤»¤»¤»¤»"
"[2]"
"¿À±Ý±³³Ñ¾î·Î Â¯°³µé ¾çÃµ±¸ ¿øÁ¤°¡¿ä.."
"[3]"
"9´ÜÁö ¿¡º¥¿¡¼¿ ±ÙÃ³ »ó°¡ ÇÇºÎ°ú°¡ ±×·¸°Ô À¯¸íÇÑ°¡¿ä?"
"[6]"
"¼öµµ°üÀÌ ¾ó¾î¼­ Á×°í½Í´Ù...¤µ¤²"
"[2]"
"¸ñµ¿ Áß ¸îµ¿ÀÌ °¡Àå »ì±â ÁÁ¾Æ¿ä?"
"[3]"
"»õÇØº¹ ¸¹ÀÌ ¹Þ¾Æ¶ó"
"[4]"
"¾ç°¶·¯µé »õÇØ º¹ ¸¹ÀÌ ¹Þ¾Æ¿°"
"¾ç°¶ »õÇØ Ã¹ ±ÛÀº ³»°¡!"
"[1]"
"¾ç°¶¿©·¯ºÐ »õÇØº¹¸¹ÀÌ¹ÞÀ¸½Ã¿À~"
"[1]"
"DolDol Àº º¾´Ï´Ù"
"[6]"
"¿©½É »ç·Î ÀâÀº Å°½ºÀåÀÎ ³²ÀÚ¹è¿ì´Â?"
"[µð½ÃìÑÅÍºä] BP¶ó´Ï¾Æ, ´Ù½Ã Start a Fire"
"¾ç°¶¿©·¯ºÐ »õÇØº¹ ¸¹ÀÌ¹ÞÀ¸¼¼¿ä."
"¾ç°¶ ºÎ´Ï±â ÅÀ³×.´©°¡ Á¤¸ðÁ» ÁÖÃÖÇØ”g"
"[2]"
"¿©Ä£ÀÌ¶û ÅÂ¹é°£´Ù"
"[6]"
"»õÇØ º¹ ¸¹ÀÌµé ¹ÞÀ¸¼¼¿ä"
"°­¼­°í±Ã±ÝÇØ?"
"[9]"
"¸ñµ¿ ¾ÆÆÄÆ® ´ÜÁö¿¡ ´ëÇØ ¼³¸íÇØÁÖ¼À"
"[6]"
"ÀÎÃµÀÎµµ ¾çÁ¤Áß/°í ´Â ¾Í."
"[18]"
"¿ª½Ã ¾çÃµ±¸´Â Á¼±á"
"[4]"
"¿¡Çì ...´ñ±Û´Ù´Þ¤·»ç´Ù ¤»¤»¤»"
"[13]"
"°íµîÇÐ±³ »ó´ãÁ» ºÎÅ¹ "
"[11]"
"½Å»óÅÐÁö¸¿½Ã´Ù"
"[1]"
"±×·¡µµ ¸ñµ¿¾ÆÆÄÆ®´Â"
"[9]"
"¸ñµ¿¹Ì¿ë½Ç ÃßÃµÁ»ÇØºÁ!!"
"[9]"
"½Å¼­°í´Ù´Ï´Â»ç¶÷~!"
"[2]"
"¤µ¤² ¸ñµ¿¿¡ »ç´Â ³ðµéÀÇ ½ÇÃ¼ .jpg "
"[16]"
"9´ÜÁö ¹ý¿ø ¿· Ä«Æä¶ó¸®¶ó´Â µ¥ ÄÉŸå"
"[3]"
"cbs¹æ¼Û±¹1Ãþ Åõ½æÇÃ·¹ÀÌ½º ¾Æž±¤»°³ÂÊÆÈ·Á"
"[2]"
"¾ß Çì¾îÁø ³²Ä¡´Ï¶û....."
"[7]"
"´ëÀÏ¿¡ ´ëÇØ¼­ Àß ¾Ë°íÀÖ´Â °¶·¯ÀÖ¾î???"
"[10]"
"¾ßÀÌ°Íµé¾Æ"
"[3]"
"¸ñµ¿¿¡ ¿¬¿¹ÀÎ ´©±¸»ìÀ½?"
"[12]"
"¸ñ1µ¿ÀÌ³ª ¾çÃµµµ¼­°ü"
"[2]"
"°­³²¿¡¼­ ¾çÃµÀ¸·Î ÀÌ»ç¿Ô´Âµ¥ ·¹¾ËÀ¸·Î »ê°ñÃ¼ÇèÀÌ´Ù"
"[16]"
"½ÅÁ¤µ¿ ¹é¾Ï°í ¿·¿¡ ÀÇ¹®ÀÇ ½Ã¼³ ÀÌ°Å¹ºÁö ¾Æ´Â °ÔÀÌ¾ø³Ä"
"[11]"
"ÇÐ±³ ¾îµð ºÙÀ»±î¿ä?"
"[3]"
"¾çÃµ±¸ ±ÙÃ³ ÇÐ±³µé ´ë°­ºÐ¼®"
"[33]"
"´« ¸¹ÀÌ¿Â´Ùµçµª"
"[2]"
"±³º¸¹®°í ±ÙÃ³¿¡¼­"
"[8]"
"±Í ¶ÕÀ¸·Á°í ÇÏ´Âµ¥ º´¿øÁ» ÃßÃµÇØÁÖ¼¼¿ä..."
"[4]"
"Áö±Ý °í2ÀÎµ¥ ³ªÁß¿¡ ¼ö½Ã¾µ¶§ ³»½ÅÁú¹®Á»"
"[3]"
"¿©½É »ç·Î ÀâÀº Å°½ºÀåÀÎ ³²ÀÚ¹è¿ì´Â?"
"[µð½ÃìÑÅÍºä] BP¶ó´Ï¾Æ, ´Ù½Ã Start a Fire"
"¿À¸ñ±³¿ª ÁÖº¯¿¡ Ä«Æä ÀÖ³ª¿ä?(Ä¿ÇÇºó,½ºÅ¸¹÷½º °°Àº°÷)"
"[9]"
"Áø¸í, ¸ñµ¿, ½Å¸ñ°í Áß¿¡ ¾îµð°¡ ÁÁÀ»±î¿ä?"
"[15]"
"ÄOµé ´ëÇÐÇÐ¿ø ÁöÇÏÃþ¿¡ ¹¹ µé¾î¿À´ÂÁö ¾Ë¾Æ?"
"[1]"
"»ç½Ç ½Å¿ùµ¿Àº ÀÌ¸§ ¹Ù²Ù´Â°Ô Áø¸® ¾Æ´Ï³Ä??"
"[9]"
"Å¯"
"[1]"
"¿À´Ã ÄÃÅõ Å©¸®½º¸» ¼î °°ÀÌ º¸·¯°¡½Ç ºÐ~!! (¿©ÀÚ ÇÑºÐ)"
"[8]"
"´Ù½ÃÇÑ¹ø 14´ÜÁö»ç´Â »ç¶÷ ¼Õ !!!"
"[10]"
"°­¼­°í ÈÄ¹è´Ôµé~"
"[8]"
"¿¬´ë°¡ ¾çÁ¤ Á» ÁÁ¾ÆÇÔ"
"[3]"
"¹Ì¯ƒ¤»¤»¤¸¤Ã»õ±â´«±¸³Ä "
"Âü.! ±ÙÃ³ ±¦ÂùÀº Ã¼´ëÀÔ½ÃÇÐ¿ø ÀÖÀ¸¸é ¾Ë·Á¢a"
"[2]"
"CLEL´ÔÀº º¾´Ï´ç."
"[3]"
"7´ÜÁö ¾ß°£ÃÑ¹« ¿ù±ÞÀÌ 50¸¶³ÍÀÌ³×. ÀÌ°Å º¸´Â À×¿© Áö¿øÇØ¶ó."
"[4]"
"¾çÁ¤ ¼ö½Ã ´ë¹ÚÀÌ³×..,,,,,, ³­ ¹¹ÇÑ°ÅÁö?"
"[5]"
"Ãß¾ï Á¶Â÷ »ç¶óÁö´Â  ¾çÃµ°íÀÇ ÃÖÈÄ .jpg "
"[5]"
"¾çÁ¤°¶ÀÌ³×"
"[6]"
"213"
"¿À´Ã ½Å¼­Áß¿¡¼­"
"[1]"
"¾ç°¶ ÄOµé µ¿»ýµé ÇÏÀÌ ¤·.¤· ¤»¤»¤» ¸Þ¸® Å©¸®½º¸¶½º"
"[6]"
"¾çÁ¤°í ÈÄ¹èµé¾Æ ¾È³ç"
"[4]"
"¾ç°¶·¯ÇÏÀÌ ??¤»¤»¤»Á¾³ª¿À·£¸¶´Ï³× ¤»¤»¤» "
"[2]"
"¾çÃµ±¸ Ãâ½ÅÀÎµ¥"
"[1]"
"¾È³çÇÏ¼¼¿ä"
"±³º¹½Î°Ô»ç´Â°÷"
"[6]"
"¾çÁ¤ÀÌÁø¸®ÀÎµí"
"[7]"
"¿Ü±¹ÀÎ°úÀÇ ¹®È­±³·ù"
"[1]"
"¿À¸ñ±³ ¼¶¸¶À»ÇÃ·¯½º À§¿¡ dvd¹æÀÎµ¥ ¾Ë¹ÙÇÒ»ç¶÷?(Âü°í·Î ±ºÇÊÀÚ¸¸)"
"[1]"
"¾çÃµ±¸ ¶°³­Áö 2³âÀÌ ´ÙµÇ°¡³× ¤»¤»¤»"
"[1]"
"¶Ò¹æÇö´ë »ç½Ã´ÂºÐµé ÀÖÀ½?"
"°í2 ¸ñµ¿Á¾·ÎÇÐ¿ø¾î¶¶??"
"[5]"
"¿©½É »ç·Î ÀâÀº Å°½ºÀåÀÎ ³²ÀÚ¹è¿ì´Â?"
"[µð½ÃìÑÅÍºä] BP¶ó´Ï¾Æ, ´Ù½Ã Start a Fire"
"Á¤¸» ÁÁÀº ±Û"
"[1]"
"±Ùµ¥ ¿ÃÇØ ÀÔ½Ã½ÇÀû ¾î¶¶??"
"[7]"
"ÀÌ¹ø¿¡ ´ëÇÐ»ýµÇ¼­ °ú¿ÜÇÏ´Âµ¥"
"[9]"
"¿À¸ñ±³¿ª ±ÙÃ³ ¹Ì¿ë½ÇÃßÃµºÎÅ¹"
"[3]"
"µ¶¼­½Ç ÃÑ¹« ¾Ë¹ÙÀÚ¸® ±¸ÇÒ¶ó ÇÏ´Âµ¥. ±¦ÂùÀº°÷. ´Ôµé ÃßÃµÁ» ÇØÁà "
"[6]"
"½Å¿ù6µ¿? Àç°³¹ß Áú¹®Á»¿ä"
"[1]"
"½Å¼­°í ´Ù´Ï½Ã´ÂºÐ ÀÖ¾î¿ä?"
"[1]"
"¹Ú»óÁØ¾îÇÐ¿ø µî·ÏÇß´Ù... ´ëÀÏ°í Áú¹®µµ ÇÑ¹ø¸¸´õ"
"[9]"
"ÇÏÀÌÆä¸®¿Â2 ±ÙÃ³ ³ó±¸¹è¿ì´Âµ¥"
"[3]"
"Àú±â¿ä ¾çÃµ±¸ »ç´Âµ¥¿ä °íµîÇÐ±³ ¾îµð·Î °¡¸é ÁÁÀ»±î¿ä?"
"[10]"
"¸ñµ¿°í ±³º¹±¸ÇÔ´Ù "
"[2]"
"¾çÃµ±¸ ½ÅÁ¤µ¿¿¡ ¾ÆÆÄÆ® 1081°¡±¸ °Ç¸³ "
"³¯¾¾ °³Ãä³×ÁøÂ¥.."
"ÀÌÁ¦ ½ÃÇèµµ ½½½½ ³¡³ª°¡°í."
"[1]"
"¾Æ Ãä´ÙÃß¿ö"
"[1]"
"½Å¿ùµ¿ MKÇï½ºÀå (½Å°î½ÃÀå ½ÅÃà°Ç¹°) ÈÄ±â"
"´ß¼¼±ÇÀÌ ¾Æ´Ï¶ó¼­ ¼­·´³×"
"[4]"
"14´ÜÁö»ç´Â »ç¶÷ ¼Õ...........!"
"[4]"
"´ëÀÏ°í ¾î¶§¿ä?"
"[18]"
"¿©±â ¾Æ½Ã´Â ÄOµé °è½Ç·Á³ª?"
"[4]"
"°¢ÁúÁ¦°Å¿£"
"[3]"
"ÀÌ°Å ½Å¹®±â»ç ÁøÂ¥³Ä?"
"[94]"
"¾çÃµ±¸¿¡¿ä......."
"[3]"
"¾çÃµ±¸¿¡ ¹Ù¶ó´Â Á¡"
"[4]"
"°íÃ´ µµ¼­°ü °¡º¸½ÅºÐ??"
"[6]"
"¼öÇÐ ÇÐ¿ø ÃßÃµÇØÁÖ¼¼¿ä~"
"[8]"
"¿Ö ¾çÃµ±¸¿¡´Â ·Ôµ¥¸¶Æ®°¡ ¾ø´Â°Å³Ä"
"[10]"
"¿ì¿Í... ¾ðÁ¦ºÎÅÍ °¶ÀÌ ÀÌ·¸°Ô ÈïÇÔ?"
"[2]"
"¹ã 12½Ã ³Ñ¾î ¿Ü·Î¿ì½ÅºÐ ÀÖ³ª¿ä?"
"[4]"
"½Å¿ù6µ¿ ½Å°î½ÃÀå ÀÔ±¸ ÆÄ¸®¹Ù°Ô¶ß ¸ÁÇÑ°Å³ª¿ä"
"[3]"
"¿©½É »ç·Î ÀâÀº Å°½ºÀåÀÎ ³²ÀÚ¹è¿ì´Â?"
"[µð½ÃìÑÅÍºä] BP¶ó´Ï¾Æ, ´Ù½Ã Start a Fire"
"½ÅÁ¤µ¿ >> ¸ñµ¿"
"[21]"
"±¤¿µ°íµîÇÐ±³ ±Þ½Ä½Ç ÁöÀ½?"
"[1]"
"±Ã±ÝÇØ¼­¤»¤» ±º´ë 12»ç´Ü ³ª¿À½ÅºÐ?"
"[2]"
"¿ä»õ ¿ÖÀÌ¸®......."
"[5]"
"¾çÃµ±¸ 20´ë ºÐµé »çÀÌ¿¡ È¤½Ã ""¹°ºñ¼Ò½Ã""¶ó°í À¯¸íÇÑ°¡¿ä?"
"[4]"
"¾çÃµ±¸´Â ¾Æ´ÏÁö¸¸ ¿µµîÆ÷ ±³º¸»ý¸í ¿·¿¡"
"[1]"
"¾çÃµ±¸ ¸ÀÁý ÃßÃµÇØÁÖ¼¼¿ä¢¾"
"[5]"
"¾ç°¶¿¡´Â °³³äÇüµéÀÌ ¸¹Àº°Í°°¾Ö"
"[12]"
"°­¼­ÃÊ ¿·¿¡ ½Å¿ùµ¿°öÃ¢(±¸ °ÅºÏ°öÃ¢) °¡º¸½ÅºÐ?"
"[4]"
"±× ¹¹³Ä ¿À¸ñ±³¿ªÂÊ¿¡ ¸î³âµ¿¾È ¹æÄ¡µÇÀÖ¾ú´ø Áþ´Ù¸¸ °Ç¹°!"
"[10]"
"9´ÜÁöµ¶¼­½ÇÀÌ¶ó´Â ÈüÇÕ±×·ì ¾Æ½Ã´ÂÁö¿ä"
"[3]"
"±¸Ã»Àå º¸±È¼±°Å ÇÏ¸é ÈÞÀÏ?!! ¾Æ½Î"
"[10]"
"Åð±Ù Àü¿¡ ¿Í ºÃ´Ù"
"µ¶¼­½Ç ´Ù´Ï´Â ³²ÀÚ»ç¶÷ ¿©ÀÚ»ç¶÷ ´ÙºÁ¿ä"
"[8]"
"½º½Ã³ë¹ÌÂî¾ø¾îÁü? "
"[4]"
"¸ñµ¿ Àç°ÇÃà, ½Å¿ù ½ÅÁ¤ ´ºÅ¸¿î!? ÀÚ, °ø°¨´ë ÇÏ³ª¸¸ Çü¼ºÇÕ½Ã´Ù."
"[120]"
"¾çÃµµµ¼­°ü¿¡¼­ ¾î¸£½ÅµéÀÌ ÃÊµùº¸´Ù ½Ã²ô·¯¿ò¤Ñ¤Ñ"
"[2]"
"¾ß ÇàÁ¤±¸¿ª ³ª´©¸é¼­ ¸ñµ¿ µûÁö´Â °³Á¾ÀÚµé¾Æ"
"[11]"
"¾Æ ³»ÀÏ ÅÂÇ³¼öÇÐ°£´Ù"
"[7]"
"¸ñµ¿Áß3ÇÐ³â ±Þ±¸"
"[3]"
"Ä¿ÇÇÀü¹®Á¡Àº ¹¹±×·¸°Ô ¸¹ÀÌ »ý±è?"
"[20]"
"14´ÜÁö »ç´Â »ç¶÷ÀÎµ¥ °­³²ÀÌ³ª ¸ñµ¿ Àß»ê´Ù°í ½Î¿ìÁö ¸»ÀÚ...."
"[7]"
" ¸ñµ¿¾ÆÆÄÆ® Áý°ª"
"[3]"
"¾ß ¾îµð ¸À ÀÖ´Âµ¥ ¾ø³Ä?"
"[30]"
"Çö´ë¹éÈ­Á¡ ¹ÂÁ÷ºñµð¿À Á¦¸ñÁ» ¾Ë·ÁÁÖ¼¼¿ä"
"[3]"
"ÇÏ¿ì½º ºê¶õÆ® ÀÚ¸®¿¡"
"[1]"
"ÆÄ¶ó°ï ÁöÇÏ ¹Ú°¡ºÎ´ëÂî°³ °í±âÁýÀ¸·Î ¹Ù²»´Ù."
"¿À¸ñ±³ Çö´ë¹éÈ­Á¡ ¾Õ ÇÏ¿ì½ººê¶õÆ® »÷µåÀ§Ä¡ °¡°Ô Ã¶¼öÇÏ³×."
"[5]"
"ÀÌÁ¦ÇÐ ¾çÃµ±¸Ã»Àå"
"[10]"
"¸ñµ¿¿¡»ìµç ½Å¿ùµ¿¿¡ »ìµç"
"[1]"
"¿©½É »ç·Î ÀâÀº Å°½ºÀåÀÎ ³²ÀÚ¹è¿ì´Â?"
"[µð½ÃìÑÅÍºä] BP¶ó´Ï¾Æ, ´Ù½Ã Start a Fire"
"¸ñµ¿»ì¸é¼­ ÇÁ¶óÀÌµå¸¦ °¡Áø´Ù±¸?"
"[24]"
"¿Í ¾ç°¶ ¿À·§¸¸ÀÌˆª¤»¤»¤»¤»¤»¤»"
"[1]"
"¿¹ºñ°í1 ¼±Çà"
"[12]"
"±× ÀÌ»Û ´ÜÇ³µéÀÌ ´Ù Á³³×"
"[4]"
"ºñ ¿Ã ¶§ ¾È¾çÃµ °¡ º» »ç¶÷ ÀÖ¾î?"
"[10]"
"³»½Å or ºÐÀ§±â ¾î¶²°Å°¡¾ßµÊ?"
"[16]"
"¸ñµ¶Çü´Ô °è¼¼¿ä?'¤µ'"
"[10]"
"¿À¸ñ±³¿¡ È½Áý ±¦ÂúÀºµ¥ ¾Æ´Â»ç¶÷~~~?"
"[5]"
"¾ç°¶ °³ÈïÇÏ†¶¤»¤»¤»¤»¤»¤»¤»¤»¤»¤»"
"[3]"
"¾Ó¶ß »þº£Æ® °úÀÚÁ¡ ¸ÁÇÑ µí..."
"[3]"
"¾çÃµ°ø¿ø °¡¸é ¹«¼­¿î¾ÖµéÀÖÀ½"
"[3]"
"¸ñµ¿À» ¶°³ª¼­...."
"[4]"
"CelestialSky´Ô È¤½Ã SKºê·Îµå¹êµå¾²¼¼¿ä?"
"[1]"
"¸ñµ¿¿¡¼­ ¿Ü±¹ÀÎÄ£±¸¶û ¹®È­±³·ù&¾ð¾î±³·ù ÇÏ°í½ÍÀº»ç¶÷ ´ÙºÁ"
"[2]"
"¸ñµ¿¿¡¼­ Á¦ÀÏ Àú·ÅÇÑ ¹Ì¿ë½Ç"
"[3]"
"¾ß ¼ÖÁ÷È÷ °­³²º¸´Ù ¸ñµ¿ÀÌ ²Ü¸®´Â °Ô ¹¹³Ä?"
"[82]"
"ÀÌ´ëº´¿ø Áø·á ¿äÁò ¾î¶¶?"
"[4]"
"SÁß KHW¾çÀº º¾´Ï´Ù"
"[1]"
"ÆÄ¶ó°ï ÁöÇÏ ¹Ú°¡ºÎ´ëÂî°³ ¸®´º¾ó ÇÑ´Ù´Â°Å.¸ð µé¾î¿À´ÂÁö ¾Æ´Â À×¿© ÀÖ¾î?"
"¸ñµ¿¿¡ ½Å¸²µ¿ ¼ø´ë°öÃ¢ °°Àº ¼ø´ë°öÃ¢ Àü¹® °¡°Ô ¾ø³Ä?"
"[6]"
"¸ñµ¿. Âü ÁÁÀº µ¿³×ÀÌ±ä ÇÑµ¥."
"[8]"
"Æ®¶óÆÓ¸®½º¿¡ »ì°íÇÁ´Ù"
"[13]"
"¸ñµ¿ 5°Å¸® ½ÅÁ¤³×°Å¸® ÁÖº¯¿¡ ÈÖÆ®´Ï½º ½Î°íÁÁÀº°÷¾ø³É"
"[2]"
"ÅÂÇ³ÇÐ¿ø,ÇØ°ñÇÐ¿øÀÇ »ç¶÷ÀÌ ¸¹ÀÌ ¸ô¸®´Â ÀÌÀ¯°¡¹»±î¿ä?"
"[6]"
"ÀÌ·¹´Â ¿Ö ¾ø¾îÁø°ÅÁö"
"¾ç°¶ ±Û ¿Ã¶ó¿À´Â°Å Â¼³×"
"½Å¿ù6µ¿ ½Å°î½ÃÀå¾Õ¿¡ ÆÄ¸®¹Ù°ÔÆ® ¸ÁÇÑ°Ç°¡?"
"[1]"
"CBS ¿¡¶ÙµåÇÏ¿ì½º ÀÚ¸®¿¡ ¹Ì»þ µé¾î¿À³×.."
"[3]"
"½Ã¿µ¾ÆÆÄÆ® °ø¿ø¿¡ ÀÎÁ¶ÀÜµð±¸Àå ÀÖ´øµ¥"
"[7]"
"¶Ç ºê·±Ä¡ ¸Þ´º¸¦ °í¹ÎÇØ¾ß ÇÏ´Â ÀÏ¿çÀÌ±¸³ª"
"¿©½É »ç·Î ÀâÀº Å°½ºÀåÀÎ ³²ÀÚ¹è¿ì´Â?"
"[µð½ÃìÑÅÍºä] BP¶ó´Ï¾Æ, ´Ù½Ã Start a Fire"
"½É½ÉÇØ¼­ ¾ÆÄ§¿¡"
"[2]"
"ÁÖÄ«´Ô ÀÏÀÏÀÌ ´ñÇØÁÖ¼Å¼­ °¨¼ÝÇÕ´Ï´ç."
"[1]"
"¿ùÃÌÁß¾Õ¿¡...."
"[4]"
"°È´Â°Íµµ Á¤¸» Àç¹Õ´Â°Í °°´Ù"
"[8]"
"Jukka´Â º¾´Ï´Ù."
"[9]"
"¼öÇÐÇÐ¿ø ÃßÃµÁ»¤»¤»"
"¾ß ±Ùµ¥ ¾çÃµ±¸°¶¿¡ Ä¿¼­´ë¸é ³ª¿À´Â ±×¸² ¸»ÀÌ¾ß"
"[7]"
"½Å¿ùµ¿ ÃàºüµéÀº ÁøÂ¥ ³ª¸¸Å­ ¹ÌÄ£ µí."
"[4]"
"±³º¸¹®°í ¿©ÀÚ´À´Ôµé ÀÌ»Ú´Ù¤¾¤¾¤¾¤¾"
"[5]"
"¹Ú»óÁØ ¾îÇÐ¿ø ¾î¶¶?"
"[3]"
"½Å¸²µ¿¿¡ Å©¸®½ºÇÇÅ©¸² ÀÖ¾ú´Âµ¥ ¾ø¾îÁ³´Ù³×."
"[6]"
"ÅÂÇ³¼öÇÐ"
"[5]"
"¸ñµ¿¿ª °¬´Ù°¡ ±ô³î"
"[2]"
"¿¹Àü¿¡ ¾ÆÆÄÆ® ÁÖÂ÷Àå¿¡¼­ Âï¾ú´ø »çÁø."
"[6]"
"¾çÃµ±¸´Â ¿ª½Ã ¾çµµ¹Û¿¡ ¾ø´Â°Å¾ß?"
"[6]"
"CBS ¿¡¶Ùµå ÇÏ¿ì½º ÀÚ¸®¿¡ »õ·Î »ý±â´øµ¥."
"[9]"
"Çüµé ¿À¸ñ±³¿¡ ´ÊÀº 12½Ã±îÁö ÇÏ´Â Ä¿ÇÇÀü¹®Á¡ ÀÖ³ª¿ä??"
"[2]"
"ÀÎ½ÀÀ» Ã¶ÆóÇØ¾ß..."
"¾îÈÞ ºÏÇÑ³ðµé.........."
"[7]"
"¾ç°¶ ¤±¤§ ´ÔÀÌ ºÎ°¶¿¡¼­ ¸¸³µ´ø ±× ¤±¤§´Ô?"
"[2]"
"ÆÄ¶ó°ï ÁöÇÏ ¹Ú°¡³× ºÎ´ëÂî°³µµ ¸®´º¾ó ÇÑ´Ù³×."
"[2]"
"³ë·¡¹æ °¡°Ý Á» ¾Ë·ÁÁÖ¼À.."
"[2]"
"´Ùµé ³ë·¡¹æÀº ¾îµð°¨? "
"[9]"
"¾çÃµ±¸³» ¿À¸ñ±³,¸ñµ¿,½ÅÁ¤³×°Å¸®¿ª ºÎ±ÙÀÇ À½½ÄÁ¡ º¯È­»ó(À¯¸íÃ¼ÀÎÁ¡Áß½É)"
"[5]"
"Çö´ë 41Å¸¿ö ½º½Ã³ë¹ÌÂî ÀÌÀüÇÑ´Ù³×. ±×·³ ±×ÀÚ¸®¿¡ ¸ð°¡ »ý°Ü????"
"[8]"
"Æ®¶óÆÓ¸®½º 1Ãþ¿¡ ¿Ã¸®ºê¿µ »ý±â´õ¶ó."
"[1]"
"¾çÃµ±¸Ã»¿ª ±ÙÃ³ Çï½ºÀå ¾îµð°¡ ÁÁÀ½?"
"¾çÃµ°í Á¹¾÷ÇÑÁö ¹ú½á µÎÇØÂ°³×"
"[1]"
"»õº® µÎ½Ã ¸ñµ¿"
"[9]"
"¹Ø¿¡ ¹Ù¹Ù¿¹ÅõÇÏ´Ï±ñ »ý°¢³ª´Â°Çµ¥,"
